 2.00000000e+00 5.00000000e+00 5.00000000e+00
 2.85120759e+00 5.57388220e+00 4.98725770e+00
 3.66116034e+00 6.36688423e+00 5.16596004e+00
 4.49222118e+00 7.34098729e+00 5.57627790e+00
 5.37998277e+00 8.45018411e+00 6.27412825e+00
 6.33582525e+00 9.62332834e+00 7.32301371e+00
 7.34436701e+00 1.07476669e+01 8.77738528e+00
 8.35813445e+00 1.16601110e+01 1.06529162e+01
 9.29389157e+00 1.21596995e+01 1.28855413e+01
 1.00377746e+01 1.20555966e+01 1.52958956e+01
 1.04664534e+01 1.12481850e+01 1.75925603e+01
 1.04843140e+01 9.80440447e+00 1.94428151e+01
 1.00624752e+01 7.96474056e+00 2.05931323e+01
 9.25633600e+00 6.05571164e+00 2.09650537e+01
 8.18841315e+00 4.36135498e+00 2.06588019e+01
 7.00687879e+00 3.03974029e+00 1.98742496e+01
 5.84417151e+00 2.11944315e+00 1.88176006e+01
 4.79330222e+00 1.54627560e+00 1.76467272e+01
 3.90394832e+00 1.23532166e+00 1.64605251e+01
 3.19082034e+00 1.10495344e+00 1.53118057e+01
 2.64592449e+00 1.09143085e+00 1.42247719e+01
 2.24959030e+00 1.15123225e+00 1.32084592e+01
 1.97838232e+00 1.25793780e+00 1.22648469e+01
 1.80990463e+00 1.39774239e+00 1.13930816e+01
 1.72523546e+00 1.56542558e+00 1.05914877e+01
 1.70981923e+00 1.76133625e+00 9.85851710e+00
 1.75348445e+00 1.98937581e+00 9.19326983e+00
 1.85004539e+00 2.25575977e+00 8.59589796e+00
 1.99676234e+00 2.56830150e+00 8.06803728e+00
 2.19379969e+00 2.93598106e+00 7.61334353e+00
 2.44372702e+00 3.36858642e+00 7.23818123e+00
 2.75104260e+00 3.87621713e+00 6.95249723e+00
 3.12164615e+00 4.46841137e+00 6.77087862e+00
 3.56213735e+00 5.15259906e+00 6.71371965e+00
 4.07876082e+00 5.93150502e+00 6.80826631e+00
 4.67576119e+00 6.79909491e+00 7.08901201e+00
 5.35287953e+00 7.73478895e+00 7.59644299e+00
 6.10178418e+00 8.69622760e+00 8.37251485e+00
 6.90151734e+00 9.61220921e+00 9.45078560e+00
 7.71373504e+00 1.03797320e+01 1.08396864e+01
 8.47970006e+00 1.08716563e+01 1.25003538e+01
 9.12229116e+00 1.09616583e+01 1.43267423e+01
 9.55645351e+00 1.05664529e+01 1.61429305e+01
 9.70872915e+00 9.69046040e+00 1.77324023e+01
 9.54047359e+00 8.44496615e+00 1.88979348e+01
 9.06386977e+00 7.02080012e+00 1.95247852e+01
 8.34110233e+00 5.62432799e+00 1.96098617e+01
 7.46632407e+00 4.41406049e+00 1.92420696e+01
 6.53996843e+00 3.47058823e+00 1.85534258e+01
 5.64724231e+00 2.80385160e+00 1.76730161e+01
 4.84720865e+00 2.37987907e+00 1.67019642e+01
 4.17199929e+00 2.14783726e+00 1.57086100e+01
 3.63211260e+00 2.05810703e+00 1.47345509e+01
 3.22368171e+00 2.07083158e+00 1.38033419e+01
 2.93511901e+00 2.15800523e+00 1.29278035e+01
 2.75207580e+00 2.30229930e+00 1.21149856e+01
 2.66062370e+00 2.49476099e+00 1.13692048e+01
 2.64899518e+00 2.73248478e+00 1.06938526e+01
 2.70831794e+00 3.01667362e+00 1.00925399e+01
 2.83271670e+00 3.35113876e+00 9.56993184e+00
 3.01904596e+00 3.74111314e+00 9.13247241e+00
 3.26640496e+00 4.19218160e+00 8.78908494e+00
 3.57549090e+00 4.70910144e+00 8.55185547e+00
 3.94777189e+00 5.29427417e+00 8.43661505e+00
 4.38440336e+00 5.94563727e+00 8.46321300e+00
 4.88477953e+00 6.65380929e+00 8.65509226e+00
 5.44461727e+00 7.39851020e+00 9.03754387e+00
 6.05355469e+00 8.14471028e+00 9.63380675e+00
 6.69246575e+00 8.83972760e+00 1.04581945e+01
 7.33109389e+00 9.41351731e+00 1.15060817e+01
 7.92715260e+00 9.78516567e+00 1.27422902e+01
 8.42848230e+00 9.87792209e+00 1.40922042e+01
 8.77963499e+00 9.64159763e+00 1.54423749e+01
 8.93280517e+00 9.07509820e+00 1.66564234e+01
 8.86042706e+00 8.23711961e+00 1.76052190e+01
 8.56450106e+00 7.23569866e+00 1.82001926e+01
 8.07800011e+00 6.19874210e+00 1.84137101e+01
 7.45722117e+00 5.23966192e+00 1.82770847e+01
 6.76844597e+00 4.43413789e+00 1.78603576e+01
 6.07447378e+00 3.81490521e+00 1.72467658e+01
 5.42537288e+00 3.38055881e+00 1.65132459e+01
 4.85483155e+00 3.10973142e+00 1.57210052e+01
 4.38103717e+00 2.97379796e+00 1.49142084e+01
 4.01005475e+00 2.94524386e+00 1.41228867e+01
 3.73989979e+00 3.00178268e+00 1.33669895e+01
 3.56418757e+00 3.12750509e+00 1.26600065e+01
 3.47488516e+00 3.31238674e+00 1.20116970e+01
 3.46411093e+00 3.55109335e+00 1.14300067e+01
 3.52512474e+00 3.84160169e+00 1.09224002e+01
 3.65270516e+00 4.18384546e+00 1.04968177e+01
 3.84308438e+00 4.57840602e+00 1.01623817e+01
 4.09355822e+00 5.02516883e+00 9.92988994e+00
 4.40183083e+00 5.52183142e+00 9.81204282e+00
 4.76511088e+00 6.06216851e+00 9.82325233e+00
 5.17895634e+00 6.63404408e+00 9.97877933e+00
 5.63588511e+00 7.21733684e+00 1.02928592e+01
 6.12384483e+00 7.78223911e+00 1.07754742e+01
 6.62478277e+00 8.28878428e+00 1.14276297e+01
 7.11376713e+00 8.68880721e+00 1.22355455e+01
 7.55931863e+00 8.93153704e+00 1.31651283e+01
 7.92565939e+00 8.97318052e+00 1.41591977e+01
 8.17725679e+00 8.78894443e+00 1.51404101e+01
 8.28520889e+00 8.38354228e+00 1.60216119e+01
 8.23389704e+00 7.79504926e+00 1.67220866e+01
 8.02558420e+00 7.08879258e+00 1.71843806e+01
 7.68097618e+00 6.34263754e+00 1.73849645e+01
 7.23529545e+00 5.62956668e+00 1.73347010e+01
 6.73129444e+00 5.00442274e+00 1.70702589e+01
 6.21169426e+00 4.49861300e+00 1.66414636e+01
 5.71326950e+00 4.12220370e+00 1.60998534e+01
 5.26365573e+00 3.87015937e+00 1.54913357e+01
 4.88076617e+00 3.72931888e+00 1.48531512e+01
 4.57401058e+00 3.68399651e+00 1.42138578e+01
 4.34637308e+00 3.71952526e+00 1.35948232e+01
 4.19660887e+00 3.82395509e+00 1.30121377e+01
 4.12112170e+00 3.98844782e+00 1.24783849e+01
 4.11534092e+00 4.20689261e+00 1.20040723e+01
 4.17457957e+00 4.47511391e+00 1.15987060e+01
 4.29443511e+00 4.78988314e+00 1.12715524e+01
 4.47081396e+00 5.14782498e+00 1.10321122e+01
 4.69965515e+00 5.54424279e+00 1.08902917e+01
 4.97641079e+00 5.97187405e+00 1.08562029e+01
 5.29533397e+00 6.41962601e+00 1.09394775e+01
 5.64863561e+00 6.87143414e+00 1.11479557e+01
 6.02561148e+00 7.30552750e+00 1.14856508e+01
 6.41190977e+00 7.69454480e+00 1.19500306e+01
 6.78919674e+00 8.00704488e+00 1.25289463e+01
 7.13554608e+00 8.21086355e+00 1.31979590e+01
 7.42685841e+00 8.27832933e+00 1.39192263e+01
 7.63943737e+00 8.19253693e+00 1.46432102e+01
 7.75347786e+00 7.95293537e+00 1.53139271e+01
 7.75674905e+00 7.57800351e+00 1.58771694e+01
 7.64741643e+00 7.10337458e+00 1.62895982e+01
 7.43500956e+00 6.57547082e+00 1.65257727e+01
 7.13909158e+00 6.04267408e+00 1.65808093e+01
 6.78599414e+00 5.54705255e+00 1.64682080e+01
 6.40462495e+00 5.11908876e+00 1.62143106e+01
 6.02251803e+00 4.77623565e+00 1.58517577e+01
 5.66298303e+00 4.52456465e+00 1.54139464e+01
 5.34367385e+00 4.36201860e+00 1.49314492e+01
 5.07642634e+00 4.28187743e+00 1.44303825e+01
 4.86796073e+00 4.27557428e+00 1.39321935e+01
 4.72100334e+00 4.33455005e+00 1.34542390e+01
 4.63547084e+00 4.45119747e+00 1.30106715e+01
 4.60949143e+00 4.61910216e+00 1.26133374e+01
 4.64015425e+00 4.83280716e+00 1.22725387e+01
 4.72395973e+00 5.08728174e+00 1.19975940e+01
 4.85698988e+00 5.37721860e+00 1.17971670e+01
 5.03483845e+00 5.69624341e+00 1.16793323e+01
 5.25235066e+00 6.03610799e+00 1.16513357e+01
 5.50322833e+00 6.38595694e+00 1.17190006e+01
 5.77957249e+00 6.73180316e+00 1.18857465e+01
 6.07145850e+00 7.05640703e+00 1.21512370e+01
 6.36667225e+00 7.33979902e+00 1.25097849e+01
 6.65076555e+00 7.56067433e+00 1.29488040e+01
 6.90759001e+00 7.69875308e+00 1.34477778e+01
 7.12042070e+00 7.73793059e+00 1.39783284e+01
 7.27365197e+00 7.66964899e+00 1.45058910e+01
 7.35485614e+00 7.49557811e+00 1.49931352e+01
 7.35679409e+00 7.22861788e+00 1.54046684e+01
 7.27885799e+00 6.89160623e+00 1.57119511e+01
 7.12749848e+00 6.51387075e+00 1.58970917e+01
 6.91545342e+00 6.12656052e+00 1.59544994e+01
 6.65995384e+00 5.75810580e+00 1.58901297e+01
 6.38037380e+00 5.43096744e+00 1.57188774e+01
 6.09589208e+00 5.16021487e+00 1.54611329e+01
 5.82362975e+00 4.95378380e+00 1.51394940e+01
 5.57750176e+00 4.81383065e+00 1.47762627e+01
 5.36778883e+00 4.73850797e+00 1.43919200e+01
 5.20127543e+00 4.72363534e+00 1.40044584e+01
 5.08173543e+00 4.76397534e+00 1.36293143e+01
 5.01055733e+00 4.85402753e+00 1.32796333e+01
 4.98735131e+00 4.98838058e+00 1.29666635e+01
 5.01044080e+00 5.16171784e+00 1.27001375e+01
 5.07719266e+00 5.36858061e+00 1.24885579e+01
 5.18417846e+00 5.60298400e+00 1.23393323e+01
 5.32718373e+00 5.85796844e+00 1.22587217e+01
 5.50109889e+00 6.12516792e+00 1.22515756e+01
 5.69973907e+00 6.39448589e+00 1.23208425e+01
 5.91565333e+00 6.65398612e+00 1.24668731e+01
 6.13999818e+00 6.89011933e+00 1.26865820e+01
 6.36256150e+00 7.08839715e+00 1.29726061e+01
 6.57202387e+00 7.23457315e+00 1.33126745e+01
 6.75652335e+00 7.31628049e+00 1.36894666e+01
 6.90453835e+00 7.32491431e+00 1.40812227e+01
 7.00602130e+00 7.25737973e+00 1.44632603e+01
 7.05361876e+00 7.11722787e+00 1.48103183e+01
 7.04373687e+00 6.91476754e+00 1.50993646e+01
 6.97719619e+00 6.66597617e+00 1.53122876e+01
 6.85928787e+00 6.39039466e+00 1.54378509e+01
 6.69918570e+00 6.10850814e+00 1.54724880e+01
 6.50883477e+00 5.83924974e+00 1.54198651e+01
 6.30156080e+00 5.59815854e+00 1.52894825e+01
 6.09068485e+00 5.39645078e+00 1.50947912e+01
 5.88837877e+00 5.24096389e+00 1.48512968e+01
 5.70489501e+00 5.13472586e+00 1.45749913e+01
 5.54819246e+00 5.07783274e+00 1.42812564e+01
 5.42389640e+00 5.06835745e+00 1.39842335e+01
 5.33548671e+00 5.10310837e+00 1.36965580e+01
 5.28460331e+00 5.17815330e+00 1.34293327e+01
 5.27137446e+00 5.28910018e+00 1.31922196e+01
 5.29470331e+00 5.43116873e+00 1.29935581e+01
 5.35247656e+00 5.59910887e+00 1.28404409e+01
 5.44168398e+00 5.78702775e+00 1.27387044e+01
 5.55845696e+00 5.98819000e+00 1.26928038e+01
 5.69804927e+00 6.19485781e+00 1.27055644e+01
 5.85479466e+00 6.39824031e+00 1.27778162e+01
 6.02208523e+00 6.58862230e+00 1.29079513e+01
 6.19242052e+00 6.75573307e+00 1.30914742e+01
 6.35757643e+00 6.88938916e+00 1.33206548e+01
 6.50893327e+00 6.98039433e+00 1.35844208e+01
 6.63797770e+00 7.02160654e+00 1.38686280e+01
 6.73695538e+00 7.00900247e+00 1.41568049e+01
 6.79960439e+00 6.94251158e+00 1.44313757e+01
 6.82185624e+00 6.82638869e+00 1.46752367e+01
 6.80237002e+00 6.66897299e+00 1.48734399e+01
 6.74277891e+00 6.48182169e+00 1.50146711e+01
 6.64757886e+00 6.27837385e+00 1.50922365e+01
 6.52366688e+00 6.07242379e+00 1.51043929e+01
 6.37961314e+00 5.87671473e+00 1.50540242e+01
 6.22480273e+00 5.70189715e+00 1.49478175e+01
 6.06859426e+00 5.55596698e+00 1.47951731e+01
 5.91961535e+00 5.44416381e+00 1.46070858e+01
 5.78526453e+00 5.36921373e+00 1.43951684e+01
 5.67143468e+00 5.33176300e+00 1.41709101e+01
 5.58242993e+00 5.33086066e+00 1.39451791e+01
 5.52102399e+00 5.36438746e+00 1.37279360e+01
 5.48860018e+00 5.42937520e+00 1.35280934e+01
 5.48532097e+00 5.52220101e+00 1.33534610e+01
 5.51028824e+00 5.63866966e+00 1.32107179e+01
 5.56167126e+00 5.77401374e+00 1.31053718e+01
 5.63679499e+00 5.92285189e+00 1.30416731e+01
 5.73219388e+00 6.07914910e+00 1.30224731e+01
 5.84364690e+00 6.23622497e+00 1.30490238e+01
 5.96621739e+00 6.38685409e+00 1.31207398e+01
 6.09432540e+00 6.52349495e+00 1.32349600e+01
 6.22188074e+00 6.63866835e+00 1.33867658e+01
 6.34250005e+00 6.72548063e+00 1.35689267e+01
 6.44981836e+00 6.77824995e+00 1.37720483e+01
 6.53788787e+00 6.79315569e+00 1.39849773e+01
 6.60163205e+00 6.76879719e+00 1.41954809e+01
 6.63730007e+00 6.70653867e+00 1.43911565e+01
 6.64285204e+00 6.61054114e+00 1.45604651e+01
 6.61820400e+00 6.48743697e+00 1.46937364e+01
 6.56527953e+00 6.34568308e+00 1.47839817e+01
 6.48784837e+00 6.19470257e+00 1.48273845e+01
 6.39117293e+00 6.04396957e+00 1.48234110e+01
 6.28151953e+00 5.90219244e+00 1.47745616e+01
 6.16561160e+00 5.77670951e+00 1.46858537e+01
 6.05010349e+00 5.67314772e+00 1.45641584e+01
 5.94113709e+00 5.59533098e+00 1.44175128e+01
 5.84401738e+00 5.54538036e+00 1.42544977e+01
 5.76301543e+00 5.52392900e+00 1.40837329e+01
 5.70128537e+00 5.53037811e+00 1.39135029e+01
 5.66086802e+00 5.56313821e+00 1.37514998e+01
 5.64275045e+00 5.61982267e+00 1.36046539e+01
 5.64695205e+00 5.69738217e+00 1.34790187e+01
 5.67261571e+00 5.79218590e+00 1.33796805e+01
 5.71809110e+00 5.90006714e+00 1.33106675e+01
 5.78100596e+00 6.01635752e+00 1.32748444e+01
 5.85832961e+00 6.13593783e+00 1.32737884e+01
 5.94643831e+00 6.25333272e+00 1.33076517e+01
 6.04119731e+00 6.36287302e+00 1.33750320e+01
 6.13807418e+00 6.45893742e+00 1.34728792e+01
 6.23229678e+00 6.53627570e+00 1.35964761e+01
 6.31906310e+00 6.59039270e+00 1.37395336e+01
 6.39380012e+00 6.61795374e+00 1.38944314e+01
 6.45245725e+00 6.61715357e+00 1.40526188e+01
 6.49180669e+00 6.58798224e+00 1.42051604e+01
 6.50971381e+00 6.53232764e+00 1.43433797e+01
 6.50533665e+00 6.45387612e+00 1.44595252e+01
 6.47922052e+00 6.35781232e+00 1.45473681e+01
 6.43326630e+00 6.25035449e+00 1.46026509e+01
 6.37057221e+00 6.13819792e+00 1.46233263e+01
 6.29516946e+00 6.02795187e+00 1.46095716e+01
 6.21168885e+00 5.92564896e+00 1.45635989e+01
 6.12500307e+00 5.83638190e+00 1.44893152e+01
 6.03988769e+00 5.76408932e+00 1.43919001e+01
 5.96073422e+00 5.71148215e+00 1.42773631e+01
 5.89133433e+00 5.68008004e+00 1.41521332e+01
 5.83473974e+00 5.67031789e+00 1.40227066e+01
 5.79319138e+00 5.68168409e+00 1.38953665e+01
 5.76810341e+00 5.71286015e+00 1.37759666e+01
 5.76008555e+00 5.76184356e+00 1.36697683e+01
 5.76898843e+00 5.82604696e+00 1.35813132e+01
 5.79395974e+00 5.90237712e+00 1.35143160e+01
 5.83350493e+00 5.98730365e+00 1.34715664e+01
 5.88555001e+00 6.07693196e+00 1.34548340e+01
 5.94750938e+00 6.16709584e+00 1.34647774e+01
 6.01636444e+00 6.25348365e+00 1.35008666e+01
 6.08876034e+00 6.33180770e+00 1.35613319e+01
 6.16112730e+00 6.39801623e+00 1.36431620e+01
 6.22983082e+00 6.44854134e+00 1.37421687e+01
 6.29134962e+00 6.48056119e+00 1.38531407e+01
 6.34247417e+00 6.49224674e+00 1.39700922e+01
 6.38051137e+00 6.48295622e+00 1.40866035e+01
 6.40347535e+00 6.45334200e+00 1.41962309e+01
 6.41024147e+00 6.40534319e+00 1.42929490e+01
 6.40064107e+00 6.34205312e+00 1.43715752e+01
 6.37548194e+00 6.26747506e+00 1.44281264e+01
 6.33648780e+00 6.18619475e+00 1.44600655e+01
 6.28616230e+00 6.10301502e+00 1.44664144e+01
 6.22759392e+00 6.02260009e+00 1.44477287e+01
 6.16422529e+00 5.94917081e+00 1.44059539e+01
 6.09961357e+00 5.88627769e+00 1.43441931e+01
 6.03720602e+00 5.83666172e+00 1.42664259e+01
 5.98014910e+00 5.80219729e+00 1.41772117e+01
 5.93114172e+00 5.78390098e+00 1.40814083e+01
 5.89233535e+00 5.78198508e+00 1.39839198e+01
 5.86527767e+00 5.79593552e+00 1.38894845e+01
 5.85089255e+00 5.82459810e+00 1.38024996e+01
 5.84948724e+00 5.86626284e+00 1.37268782e+01
 5.86077924e+00 5.91874305e+00 1.36659329e+01
 5.88393581e+00 5.97945074e+00 1.36222756e+01
 5.91762299e+00 6.04547397e+00 1.35977328e+01
 5.96006320e+00 6.11366361e+00 1.35932732e+01
 6.00910242e+00 6.18073700e+00 1.36089519e+01
 6.06228979e+00 6.24340372e+00 1.36438773e+01
 6.11697248e+00 6.29851468e+00 1.36962126e+01
 6.17040727e+00 6.34323051e+00 1.37632208e+01
 6.21988851e+00 6.37519852e+00 1.38413655e+01
 6.26288798e+00 6.39272223e+00 1.39264711e+01
 6.29719933e+00 6.39490267e+00 1.40139429e+01
 6.32107518e+00 6.38173080e+00 1.40990351e+01
 6.33334409e+00 6.35411376e+00 1.41771470e+01
 6.33349369e+00 6.31382470e+00 1.42441219e+01
 6.32170879e+00 6.26337736e+00 1.42965165e+01
 6.29885820e+00 6.20583775e+00 1.43318139e+01
 6.26642983e+00 6.14459461e+00 1.43485593e+01
 6.22642070e+00 6.08311603e+00 1.43464074e+01
 6.18119349e+00 6.02471888e+00 1.43260851e+01
 6.13331491e+00 5.97237330e+00 1.42892809e+01
 6.08539169e+00 5.92855607e+00 1.42384811e+01
 6.03991844e+00 5.89515744e+00 1.41767751e+01
 5.99914767e+00 5.87343809e+00 1.41076492e+01
 5.96498831e+00 5.86402740e+00 1.40347870e+01
 5.93893439e+00 5.86695188e+00 1.39618852e+01
 5.92202250e+00 5.88168279e+00 1.38924919e+01
 5.91481414e+00 5.90719427e+00 1.38298676e+01
 5.91739860e+00 5.94202662e+00 1.37768682e+01
 5.92941177e+00 5.98435251e+00 1.37358464e+01
 5.95006789e+00 6.03204700e+00 1.37085706e+01
 5.97820194e+00 6.08276374e+00 1.36961600e+01
 6.01232200e+00 6.13402057e+00 1.36990358e+01
 6.05067179e+00 6.18329700e+00 1.37168948e+01
 6.09130406e+00 6.22814411e+00 1.37487064e+01
 6.13216484e+00 6.26630476e+00 1.37927430e+01
 6.17118788e+00 6.29583822e+00 1.38466452e+01
 6.20639647e+00 6.31524041e+00 1.39075281e+01
 6.23600818e+00 6.32354806e+00 1.39721258e+01
 6.25853579e+00 6.32041445e+00 1.40369709e+01
 6.27287652e+00 6.30614537e+00 1.40985959e+01
 6.27838111e+00 6.28168786e+00 1.41537434e+01
 6.27489525e+00 6.24856926e+00 1.41995657e+01
 6.26276816e+00 6.20879119e+00 1.42337956e+01
 6.24282644e+00 6.16468850e+00 1.42548740e+01
 6.21631492e+00 6.11876808e+00 1.42620223e+01
 6.18481028e+00 6.07354394e+00 1.42552575e+01
 6.15011556e+00 6.03138429e+00 1.42353531e+01
 6.11414544e+00 5.99438266e+00 1.42037533e+01
 6.07881206e+00 5.96426056e+00 1.41624541e+01
 6.04591982e+00 5.94230400e+00 1.41138637e+01
 6.01707541e+00 5.92933207e+00 1.40606552e+01
 5.99361688e+00 5.92569282e+00 1.40056207e+01
 5.97656313e+00 5.93128032e+00 1.39515353e+01
 5.96658300e+00 5.94556713e+00 1.39010336e+01
 5.96398248e+00 5.96764739e+00 1.38565017e+01
 5.96870740e+00 5.99628734e+00 1.38199853e+01
 5.98035937e+00 6.02998207e+00 1.37931118e+01
 5.99822314e+00 6.06701812e+00 1.37770298e+01
 6.02130400e+00 6.10554278e+00 1.37723633e+01
 6.04837436e+00 6.14364050e+00 1.37791845e+01
 6.07802914e+00 6.17941650e+00 1.37970065e+01
 6.10874921e+00 6.21108574e+00 1.38247998e+01
 6.13897186e+00 6.23706417e+00 1.38610339e+01
 6.16716641e+00 6.25605683e+00 1.39037472e+01
 6.19191180e+00 6.26713616e+00 1.39506441e+01
 6.21197228e+00 6.26980296e+00 1.39992156e+01
 6.22636598e+00 6.26402291e+00 1.40468787e+01
 6.23442123e+00 6.25023306e+00 1.40911247e+01
 6.23581555e+00 6.22931569e+00 1.41296652e+01
 6.23059329e+00 6.20254049e+00 1.41605656e+01
 6.21915992e+00 6.17147953e+00 1.41823525e+01
 6.20225292e+00 6.13790292e+00 1.41940901e+01
 6.18089157e+00 6.10366488e+00 1.41954167e+01
 6.15631011e+00 6.07059037e+00 1.41865443e+01
 6.12988001e+00 6.04037157e+00 1.41682209e+01
 6.10302770e+00 6.01448110e+00 1.41416644e+01
 6.07715388e+00 5.99410626e+00 1.41084732e+01
 6.05355985e+00 5.98010562e+00 1.40705245e+01
 6.03338453e+00 5.97298697e+00 1.40298656e+01
 6.01755481e+00 5.97290410e+00 1.39886064e+01
 6.00675010e+00 5.97966924e+00 1.39488175e+01
 6.00138105e+00 5.99277766e+00 1.39124369e+01
 6.00158156e+00 6.01144198e+00 1.38811871e+01
 6.00721275e+00 6.03463405e+00 1.38565056e+01
 6.01787776e+00 6.06113327e+00 1.38394871e+01
 6.03294599e+00 6.08958080e+00 1.38308400e+01
 6.05158587e+00 6.11853908e+00 1.38308580e+01
 6.07280521e+00 6.14655595e+00 1.38394079e+01
 6.09549825e+00 6.17223215e+00 1.38559353e+01
 6.11849815e+00 6.19428986e+00 1.38794898e+01
 6.14063343e+00 6.21163906e+00 1.39087691e+01
 6.16078636e+00 6.22343763e+00 1.39421846e+01
 6.17795021e+00 6.22914034e+00 1.39779433e+01
 6.19128245e+00 6.22853245e+00 1.40141443e+01
 6.20015026e+00 6.22174380e+00 1.40488839e+01
 6.20416496e+00 6.20924115e+00 1.40803624e+01
 6.20320248e+00 6.19179848e+00 1.41069859e+01
 6.19740802e+00 6.17044701e+00 1.41274534e+01
 6.18718421e+00 6.14640902e+00 1.41408261e+01
 6.17316358e+00 6.12102091e+00 1.41465703e+01
 6.15616748e+00 6.09565217e+00 1.41445754e+01
 6.13715486e+00 6.07162640e+00 1.41351450e+01
 6.11716472e+00 6.05015017e+00 1.41189636e+01
 6.09725665e+00 6.03225375e+00 1.40970440e+01
 6.07845332e+00 6.01874630e+00 1.40706603e+01
 6.06168837e+00 6.01018643e+00 1.40412710e+01
 6.04776220e+00 6.00686748e+00 1.40104389e+01
 6.03730725e+00 6.00881640e+00 1.39797501e+01
 6.03076374e+00 6.01580427e+00 1.39507381e+01
 6.02836570e+00 6.02736656e+00 1.39248137e+01
 6.03013704e+00 6.04283152e+00 1.39032028e+01
 6.03589691e+00 6.06135520e+00 1.38868954e+01
 6.04527366e+00 6.08196219e+00 1.38766039e+01
 6.05772624e+00 6.10359095e+00 1.38727347e+01
 6.07257246e+00 6.12514293e+00 1.38753722e+01
 6.08902295e+00 6.14553404e+00 1.38842765e+01
 6.10621989e+00 6.16374700e+00 1.38988965e+01
 6.12327903e+00 6.17888218e+00 1.39183977e+01
 6.13933358e+00 6.19020438e+00 1.39417039e+01
 6.15357793e+00 6.19718245e+00 1.39675536e+01
 6.16530897e+00 6.19951876e+00 1.39945670e+01
 6.17396261e+00 6.19716592e+00 1.40213200e+01
 6.17914330e+00 6.19032873e+00 1.40464224e+01
 6.18064420e+00 6.17945085e+00 1.40685947e+01
 6.17845667e+00 6.16518656e+00 1.40867365e+01
 6.17276810e+00 6.14835963e+00 1.40999854e+01
 6.16394830e+00 6.12991254e+00 1.41077593e+01
 6.15252538e+00 6.11084992e+00 1.41097809e+01
 6.13915283e+00 6.09218044e+00 1.41060843e+01
 6.12457042e+00 6.07486132e+00 1.40970022e+01
 6.10956155e+00 6.05974889e+00 1.40831378e+01
 6.09491004e+00 6.04755787e+00 1.40653229e+01
 6.08135886e+00 6.03883076e+00 1.40445664e+01
 6.06957317e+00 6.03391826e+00 1.40219961e+01
 6.06010928e+00 6.03297018e+00 1.39987985e+01
 6.05339071e+00 6.03593635e+00 1.39761585e+01
 6.04969186e+00 6.04257623e+00 1.39552024e+01
 6.04912956e+00 6.05247636e+00 1.39369455e+01
 6.05166220e+00 6.06507409e+00 1.39222473e+01
 6.05709601e+00 6.07968689e+00 1.39117743e+01
 6.06509787e+00 6.09554589e+00 1.39059715e+01
 6.07521412e+00 6.11183294e+00 1.39050450e+01
 6.08689430e+00 6.12771977e+00 1.39089548e+01
 6.09951910e+00 6.14240806e+00 1.39174188e+01
 6.11243137e+00 6.15516874e+00 1.39299285e+01
 6.12496901e+00 6.16537870e+00 1.39457760e+01
 6.13649816e+00 6.17255286e+00 1.39640915e+01
 6.14644538e+00 6.17636946e+00 1.39838886e+01
 6.15432677e+00 6.17668687e+00 1.40041180e+01
 6.15977264e+00 6.17355033e+00 1.40237234e+01
 6.16254604e+00 6.16718789e+00 1.40416987e+01
 6.16255395e+00 6.15799555e+00 1.40571416e+01
 6.15985034e+00 6.14651263e+00 1.40693016e+01
 6.15463092e+00 6.13338886e+00 1.40776171e+01
 6.14721983e+00 6.11934575e+00 1.40817421e+01
 6.13804927e+00 6.10513492e+00 1.40815592e+01
 6.12763363e+00 6.09149637e+00 1.40771789e+01
 6.11653967e+00 6.07911910e+00 1.40689275e+01
 6.10535491e+00 6.06860670e+00 1.40573218e+01
 6.09465610e+00 6.06044922e+00 1.40430370e+01
 6.08497959e+00 6.05500255e+00 1.40268660e+01
 6.07679510e+00 6.05247568e+00 1.40096755e+01
 6.07048405e+00 6.05292577e+00 1.39923609e+01
 6.06632329e+00 6.05626057e+00 1.39758007e+01
 6.06447455e+00 6.06224752e+00 1.39608145e+01
 6.06497983e+00 6.07052874e+00 1.39481245e+01
 6.06776255e+00 6.08064100e+00 1.39383231e+01
 6.07263425e+00 6.09203985e+00 1.39318472e+01
 6.07930614e+00 6.10412685e+00 1.39289594e+01
 6.08740510e+00 6.11627905e+00 1.39297382e+01
 6.09649340e+00 6.12787953e+00 1.39340766e+01
 6.10609109e+00 6.13834771e+00 1.39416895e+01
 6.11570042e+00 6.14716827e+00 1.39521295e+01
 6.12483096e+00 6.15391697e+00 1.39648117e+01
 6.13302441e+00 6.15828209e+00 1.39790444e+01
 6.13987764e+00 6.16008004e+00 1.39940666e+01
 6.14506300e+00 6.15926408e+00 1.40090885e+01
 6.14834461e+00 6.15592554e+00 1.40233335e+01
 6.14958953e+00 6.15028705e+00 1.40360797e+01
 6.14877346e+00 6.14268848e+00 1.40466975e+01
 6.14598018e+00 6.13356621e+00 1.40546817e+01
 6.14139517e+00 6.12342735e+00 1.40596757e+01
 6.13529368e+00 6.11282047e+00 1.40614876e+01
 6.12802394e+00 6.10230496e+00 1.40600958e+01
 6.11998700e+00 6.09242088e+00 1.40556455e+01
 6.11161409e+00 6.08366110e+00 1.40484365e+01
 6.10334319e+00 6.07644715e+00 1.40389024e+01
 6.09559603e+00 6.07111000e+00 1.40275849e+01
 6.08875681e+00 6.06787630e+00 1.40151024e+01
 6.08315372e+00 6.06686056e+00 1.40021165e+01
 6.07904393e+00 6.06806299e+00 1.39892981e+01
 6.07660270e+00 6.07137295e+00 1.39772932e+01
 6.07591700e+00 6.07657742e+00 1.39666924e+01
 6.07698342e+00 6.08337381e+00 1.39580026e+01
 6.07971065e+00 6.09138666e+00 1.39516246e+01
 6.08392593e+00 6.10018711e+00 1.39478350e+01
 6.08938530e+00 6.10931474e+00 1.39467754e+01
 6.09578695e+00 6.11830049e+00 1.39484472e+01
 6.10278721e+00 6.12669004e+00 1.39527135e+01
 6.11001830e+00 6.13406625e+00 1.39593084e+01
 6.11710710e+00 6.14007001e+00 1.39678511e+01
 6.12369411e+00 6.14441800e+00 1.39778679e+01
 6.12945158e+00 6.14691666e+00 1.39888166e+01
 6.13409987e+00 6.14747139e+00 1.40001164e+01
 6.13742135e+00 6.14609036e+00 1.40111782e+01
 6.13927081e+00 6.14288272e+00 1.40214363e+01
 6.13958195e+00 6.13805119e+00 1.40303774e+01
 6.13836968e+00 6.13187957e+00 1.40375668e+01
 6.13572773e+00 6.12471584e+00 1.40426706e+01
 6.13182233e+00 6.11695214e+00 1.40454702e+01
 6.12688177e+00 6.10900277e+00 1.40458721e+01
 6.12118302e+00 6.10128160e+00 1.40439088e+01
 6.11503602e+00 6.09418035e+00 1.40397345e+01
 6.10876659e+00 6.08804881e+00 1.40336135e+01
 6.10269909e+00 6.08317802e+00 1.40259032e+01
 6.09713971e+00 6.07978722e+00 1.40170335e+01
 6.09236122e+00 6.07801491e+00 1.40074829e+01
 6.08859001e+00 6.07791433e+00 1.39977529e+01
 6.08599586e+00 6.07945323e+00 1.39883421e+01
 6.08468491e+00 6.08251778e+00 1.39797218e+01
 6.08469597e+00 6.08692021e+00 1.39723126e+01
 6.08600023e+00 6.09240976e+00 1.39664656e+01
 6.08850425e+00 6.09868626e+00 1.39624455e+01
 6.09205601e+00 6.10541585e+00 1.39604198e+01
 6.09645371e+00 6.11224802e+00 1.39604521e+01
 6.10145670e+00 6.11883326e+00 1.39625007e+01
 6.10679824e+00 6.12484056e+00 1.39664220e+01
 6.11219934e+00 6.12997381e+00 1.39719798e+01
 6.11738304e+00 6.13398649e+00 1.39788584e+01
 6.12208843e+00 6.13669373e+00 1.39866798e+01
 6.12608375e+00 6.13798104e+00 1.39950244e+01
 6.12917793e+00 6.13780946e+00 1.40034528e+01
 6.13122971e+00 6.13621635e+00 1.40115300e+01
 6.13215432e+00 6.13331236e+00 1.40188470e+01
 6.13192686e+00 6.12927423e+00 1.40250425e+01
 6.13058252e+00 6.12433411e+00 1.40298206e+01
 6.12821367e+00 6.11876619e+00 1.40329654e+01
 6.12496375e+00 6.11287117e+00 1.40343501e+01
 6.12101878e+00 6.10695981e+00 1.40339417e+01
 6.11659655e+00 6.10133635e+00 1.40318007e+01
 6.11193462e+00 6.09628286e+00 1.40280753e+01
 6.10727741e+00 6.09204522e+00 1.40229915e+01
 6.10286346e+00 6.08882158e+00 1.40168396e+01
 6.09891327e+00 6.08675350e+00 1.40099575e+01
 6.09561849e+00 6.08592044e+00 1.40027123e+01
 6.09313293e+00 6.08633743e+00 1.39954813e+01
 6.09156564e+00 6.08795597e+00 1.39886321e+01
 6.09097666e+00 6.09066812e+00 1.39825053e+01
 6.09137502e+00 6.09431313e+00 1.39773972e+01
 6.09271960e+00 6.09868666e+00 1.39735464e+01
 6.09492223e+00 6.10355176e+00 1.39711234e+01
 6.09785310e+00 6.10865128e+00 1.39702224e+01
 6.10134816e+00 6.11372103e+00 1.39708592e+01
 6.10521792e+00 6.11850316e+00 1.39729707e+01
 6.10925754e+00 6.12275907e+00 1.39764202e+01
 6.11325738e+00 6.12628121e+00 1.39810051e+01
 6.11701381e+00 6.12890328e+00 1.39864683e+01
 6.12033937e+00 6.13050813e+00 1.39925128e+01
 6.12307225e+00 6.13103314e+00 1.39988167e+01
 6.12508405e+00 6.13047260e+00 1.40050512e+01
 6.12628593e+00 6.12887709e+00 1.40108973e+01
 6.12663251e+00 6.12634983e+00 1.40160623e+01
 6.12612338e+00 6.12304025e+00 1.40202946e+01
 6.12480236e+00 6.11913529e+00 1.40233963e+01
 6.12275425e+00 6.11484864e+00 1.40252316e+01
 6.12009962e+00 6.11040907e+00 1.40257335e+01
 6.11698774e+00 6.10604805e+00 1.40249051e+01
 6.11358816e+00 6.10198765e+00 1.40228176e+01
 6.11008150e+00 6.09842928e+00 1.40196056e+01
 6.10664979e+00 6.09554390e+00 1.40154582e+01
 6.10346712e+00 6.09346402e+00 1.40106077e+01
 6.10069085e+00 6.09227797e+00 1.40053174e+01
 6.09845404e+00 6.09202663e+00 1.39998668e+01
 6.09685922e+00 6.09270246e+00 1.39945372e+01
 6.09597396e+00 6.09425119e+00 1.39895977e+01
 6.09582824e+00 6.09657552e+00 1.39852918e+01
 6.09641384e+00 6.09954103e+00 1.39818254e+01
 6.09768558e+00 6.10298365e+00 1.39793579e+01
 6.09956439e+00 6.10671843e+00 1.39779946e+01
 6.10194200e+00 6.11054926e+00 1.39777825e+01
 6.10468700e+00 6.11427890e+00 1.39787093e+01
 6.10765187e+00 6.11771897e+00 1.39807050e+01
 6.11068081e+00 6.12069933e+00 1.39836462e+01
 6.11361775e+00 6.12307650e+00 1.39873637e+01
 6.11631432e+00 6.12474052e+00 1.39916516e+01
 6.11863730e+00 6.12562013e+00 1.39962787e+01
 6.12047517e+00 6.12568576e+00 1.40010011e+01
 6.12174349e+00 6.12495039e+00 1.40055743e+01
 6.12238874e+00 6.12346810e+00 1.40097666e+01
 6.12239048e+00 6.12133046e+00 1.40133705e+01
 6.12176187e+00 6.11866103e+00 1.40162132e+01
 6.12054824e+00 6.11560827e+00 1.40181647e+01
 6.11882413e+00 6.11233721e+00 1.40191436e+01
 6.11668878e+00 6.10902054e+00 1.40191204e+01
 6.11426048e+00 6.10582942e+00 1.40181179e+01
 6.11167002e+00 6.10292470e+00 1.40162084e+01
 6.10905362e+00 6.10044887e+00 1.40135094e+01
 6.10654586e+00 6.09851920e+00 1.40101760e+01
 6.10427275e+00 6.09722235e+00 1.40063923e+01
 6.10234547e+00 6.09661077e+00 1.40023614e+01
 6.10085512e+00 6.09670088e+00 1.39982944e+01
 6.09986844e+00 6.09747303e+00 1.39943995e+01
 6.09942507e+00 6.09887339e+00 1.39908718e+01
 6.09953615e+00 6.10081743e+00 1.39878835e+01
 6.10018434e+00 6.10319482e+00 1.39855758e+01
 6.10132537e+00 6.10587549e+00 1.39840523e+01
 6.10289080e+00 6.10871660e+00 1.39833746e+01
 6.10479202e+00 6.11156999e+00 1.39835602e+01
 6.10692510e+00 6.11428973e+00 1.39845820e+01
 6.10917637e+00 6.11673954e+00 1.39863710e+01
 6.11142841e+00 6.11879951e+00 1.39888202e+01
 6.11356605e+00 6.12037195e+00 1.39917910e+01
 6.11548223e+00 6.12138604e+00 1.39951207e+01
 6.11708334e+00 6.12180099e+00 1.39986314e+01
 6.11829375e+00 6.12160759e+00 1.40021396e+01
 6.11905936e+00 6.12082813e+00 1.40054652e+01
 6.11935003e+00 6.11951468e+00 1.40084415e+01
 6.11916060e+00 6.11774576e+00 1.40109229e+01
 6.11851071e+00 6.11562172e+00 1.40127926e+01
 6.11744329e+00 6.11325911e+00 1.40139672e+01
 6.11602183e+00 6.11078427e+00 1.40144014e+01
 6.11432668e+00 6.10832653e+00 1.40140887e+01
 6.11245053e+00 6.10601151e+00 1.40130608e+01
 6.11049337e+00 6.10395471e+00 1.40113859e+01
 6.10855717e+00 6.10225582e+00 1.40091634e+01
 6.10674061e+00 6.10099397e+00 1.40065188e+01
 6.10513406e+00 6.10022425e+00 1.40035964e+01
 6.10381521e+00 6.09997537e+00 1.40005513e+01
 6.10284533e+00 6.10024892e+00 1.39975417e+01
 6.10226655e+00 6.10101985e+00 1.39947206e+01
 6.10210019e+00 6.10223838e+00 1.39922279e+01
 6.10234604e+00 6.10383301e+00 1.39901841e+01
 6.10298293e+00 6.10571460e+00 1.39886841e+01
 6.10397020e+00 6.10778126e+00 1.39877932e+01
 6.10525019e+00 6.10992374e+00 1.39875445e+01
 6.10675150e+00 6.11203110e+00 1.39879375e+01
 6.10839289e+00 6.11399639e+00 1.39889390e+01
 6.11008762e+00 6.11572198e+00 1.39904856e+01
 6.11174795e+00 6.11712442e+00 1.39924869e+01
 6.11328966e+00 6.11813843e+00 1.39948313e+01
 6.11463628e+00 6.11871991e+00 1.39973918e+01
 6.11572284e+00 6.11884783e+00 1.40000328e+01
 6.11649899e+00 6.11852486e+00 1.40026173e+01
 6.11693135e+00 6.11777685e+00 1.40050140e+01
 6.11700481e+00 6.11665093e+00 1.40071038e+01
 6.11672302e+00 6.11521274e+00 1.40087860e+01
 6.11610781e+00 6.11354261e+00 1.40099829e+01
 6.11519767e+00 6.11173109e+00 1.40106433e+01
 6.11404542e+00 6.10987406e+00 1.40107446e+01
 6.11271521e+00 6.10806768e+00 1.40102935e+01
 6.11127894e+00 6.10640338e+00 1.40093248e+01
 6.10981243e+00 6.10496334e+00 1.40078992e+01
 6.10839140e+00 6.10381642e+00 1.40060992e+01
 6.10708760e+00 6.10301501e+00 1.40040250e+01
 6.10596525e+00 6.10259268e+00 1.40017883e+01
 6.10507789e+00 6.10256294e+00 1.39995070e+01
 6.10446591e+00 6.10291899e+00 1.39972985e+01
 6.10415477e+00 6.10363453e+00 1.39952742e+01
 6.10415404e+00 6.10466550e+00 1.39935334e+01
 6.10445725e+00 6.10595270e+00 1.39921593e+01
 6.10504257e+00 6.10742513e+00 1.39912145e+01
 6.10587424e+00 6.10900379e+00 1.39907382e+01
 6.10690466e+00 6.11060586e+00 1.39907453e+01
 6.10807709e+00 6.11214902e+00 1.39912253e+01
 6.10932867e+00 6.11355557e+00 1.39921442e+01
 6.11059381e+00 6.11475633e+00 1.39934459e+01
 6.11180750e+00 6.11569404e+00 1.39950560e+01
 6.11290869e+00 6.11632604e+00 1.39968858e+01
 6.11384334e+00 6.11662618e+00 1.39988370e+01
 6.11456703e+00 6.11658590e+00 1.40008073e+01
 6.11504700e+00 6.11621422e+00 1.40026952e+01
 6.11526371e+00 6.11553705e+00 1.40044058e+01
 6.11521149e+00 6.11459546e+00 1.40058550e+01
 6.11489860e+00 6.11344325e+00 1.40069740e+01
 6.11434650e+00 6.11214390e+00 1.40077125e+01
 6.11358848e+00 6.11076712e+00 1.40080405e+01
 6.11266768e+00 6.10938508e+00 1.40079499e+01
 6.11163470e+00 6.10806870e+00 1.40074542e+01
 6.11054479e+00 6.10688397e+00 1.40065873e+01
 6.10945497e+00 6.10588873e+00 1.40054014e+01
 6.10842101e+00 6.10512987e+00 1.40039640e+01
 6.10749464e+00 6.10464115e+00 1.40023539e+01
 6.10672097e+00 6.10444184e+00 1.40006571e+01
 6.10613634e+00 6.10453599e+00 1.39989622e+01
 6.10576666e+00 6.10491260e+00 1.39973557e+01
 6.10562630e+00 6.10554652e+00 1.39959178e+01
 6.10571763e+00 6.10639999e+00 1.39947186e+01
 6.10603114e+00 6.10742485e+00 1.39938143e+01
 6.10654618e+00 6.10856521e+00 1.39932450e+01
 6.10723223e+00 6.10976041e+00 1.39930329e+01
 6.10805068e+00 6.11094826e+00 1.39931814e+01
 6.10895696e+00 6.11206817e+00 1.39936756e+01
 6.10990293e+00 6.11306426e+00 1.39944830e+01
 6.11083937e+00 6.11388811e+00 1.39955559e+01
 6.11171859e+00 6.11450107e+00 1.39968340e+01
 6.11249678e+00 6.11487610e+00 1.39982475e+01
 6.11313618e+00 6.11499884e+00 1.39997214e+01
 6.11360693e+00 6.11486822e+00 1.40011789e+01
 6.11388840e+00 6.11449616e+00 1.40025457e+01
 6.11397009e+00 6.11390673e+00 1.40037536e+01
 6.11385197e+00 6.11313466e+00 1.40047442e+01
 6.11354423e+00 6.11222333e+00 1.40054711e+01
 6.11306659e+00 6.11122236e+00 1.40059027e+01
 6.11244707e+00 6.11018490e+00 1.40060230e+01
 6.11172036e+00 6.10916487e+00 1.40058325e+01
 6.11092592e+00 6.10821412e+00 1.40053474e+01
 6.11010586e+00 6.10737986e+00 1.40045988e+01
 6.10930269e+00 6.10670231e+00 1.40036305e+01
 6.10855715e+00 6.10621280e+00 1.40024967e+01
 6.10790618e+00 6.10593240e+00 1.40012589e+01
 6.10738109e+00 6.10587103e+00 1.39999826e+01
 6.10700607e+00 6.10602721e+00 1.39987338e+01
 6.10679715e+00 6.10638839e+00 1.39975758e+01
 6.10676155e+00 6.10693184e+00 1.39965659e+01
 6.10689744e+00 6.10762598e+00 1.39957526e+01
 6.10719430e+00 6.10843221e+00 1.39951733e+01
 6.10763360e+00 6.10930700e+00 1.39948530e+01
 6.10818993e+00 6.11020423e+00 1.39948025e+01
 6.10883242e+00 6.11107756e+00 1.39950189e+01
 6.10952642e+00 6.11188281e+00 1.39954855e+01
 6.11023538e+00 6.11258021e+00 1.39961734e+01
 6.11092273e+00 6.11313627e+00 1.39970429e+01
 6.11155375e+00 6.11352543e+00 1.39980456e+01
 6.11209729e+00 6.11373121e+00 1.39991275e+01
 6.11252734e+00 6.11374685e+00 1.40002315e+01
 6.11282425e+00 6.11357549e+00 1.40013007e+01
 6.11297556e+00 6.11322979e+00 1.40022810e+01
 6.11297655e+00 6.11273106e+00 1.40031240e+01
 6.11283030e+00 6.11210807e+00 1.40037896e+01
 6.11254736e+00 6.11139532e+00 1.40042471e+01
 6.11214508e+00 6.11063120e+00 1.40044777e+01
 6.11164655e+00 6.10985593e+00 1.40044743e+01
 6.11107931e+00 6.10910942e+00 1.40042419e+01
 6.11047385e+00 6.10842929e+00 1.40037973e+01
 6.10986196e+00 6.10784895e+00 1.40031676e+01
 6.10927509e+00 6.10739598e+00 1.40023890e+01
 6.10874274e+00 6.10709087e+00 1.40015045e+01
 6.10829101e+00 6.10694610e+00 1.40005615e+01
 6.10794130e+00 6.10696570e+00 1.39996095e+01
 6.10770937e+00 6.10714522e+00 1.39986973e+01
 6.10760460e+00 6.10747214e+00 1.39978708e+01
 6.10762969e+00 6.10792665e+00 1.39971704e+01
 6.10778064e+00 6.10848287e+00 1.39966293e+01
 6.10804711e+00 6.10911026e+00 1.39962719e+01
 6.10841306e+00 6.10977525e+00 1.39961125e+01
 6.10885772e+00 6.11044307e+00 1.39961553e+01
 6.10935670e+00 6.11107951e+00 1.39963939e+01
 6.10988337e+00 6.11165266e+00 1.39968120e+01
 6.11041020e+00 6.11213451e+00 1.39973846e+01
 6.11091024e+00 6.11250227e+00 1.39980790e+01
 6.11135847e+00 6.11273949e+00 1.39988573e+01
 6.11173301e+00 6.11283673e+00 1.39996778e+01
 6.11201622e+00 6.11279189e+00 1.40004978e+01
 6.11219550e+00 6.11261022e+00 1.40012752e+01
 6.11226384e+00 6.11230387e+00 1.40019711e+01
 6.11222003e+00 6.11189113e+00 1.40025516e+01
 6.11206867e+00 6.11139536e+00 1.40029893e+01
 6.11181973e+00 6.11084367e+00 1.40032649e+01
 6.11148800e+00 6.11026549e+00 1.40033676e+01
 6.11109220e+00 6.10969098e+00 1.40032958e+01
 6.11065394e+00 6.10914947e+00 1.40030568e+01
 6.11019652e+00 6.10866798e+00 1.40026664e+01
 6.10974376e+00 6.10826988e+00 1.40021477e+01
 6.10931875e+00 6.10797379e+00 1.40015299e+01
 6.10894263e+00 6.10779271e+00 1.40008468e+01
 6.10863363e+00 6.10773348e+00 1.40001346e+01
 6.10840614e+00 6.10779658e+00 1.39994304e+01
 6.10827010e+00 6.10797621e+00 1.39987701e+01
 6.10823055e+00 6.10826076e+00 1.39981864e+01
 6.10828750e+00 6.10863349e+00 1.39977076e+01
 6.10843600e+00 6.10907350e+00 1.39973561e+01
 6.10866658e+00 6.10955689e+00 1.39971471e+01
 6.10896571e+00 6.11005805e+00 1.39970885e+01
 6.10931668e+00 6.11055098e+00 1.39971799e+01
 6.10970045e+00 6.11101062e+00 1.39974137e+01
 6.11009672e+00 6.11141417e+00 1.39977750e+01
 6.11048495e+00 6.11174212e+00 1.39982426e+01
 6.11084545e+00 6.11197927e+00 1.39987904e+01
 6.11116035e+00 6.11211535e+00 1.39993887e+01
 6.11141447e+00 6.11214549e+00 1.40000058e+01
 6.11159607e+00 6.11207036e+00 1.40006097e+01
 6.11169737e+00 6.11189598e+00 1.40011699e+01
 6.11171484e+00 6.11163334e+00 1.40016585e+01
 6.11164935e+00 6.11129774e+00 1.40020520e+01
 6.11150597e+00 6.11090789e+00 1.40023322e+01
 6.11129366e+00 6.11048487e+00 1.40024873e+01
 6.11102474e+00 6.11005104e+00 1.40025118e+01
 6.11071415e+00 6.10962882e+00 1.40024072e+01
 6.11037866e+00 6.10923960e+00 1.40021816e+01
 6.11003596e+00 6.10890259e+00 1.40018491e+01
 6.10970374e+00 6.10863395e+00 1.40014289e+01
 6.10939878e+00 6.10844598e+00 1.40009444e+01
 6.10913614e+00 6.10834663e+00 1.40004216e+01
 6.10892835e+00 6.10833909e+00 1.39998883e+01
 6.10878489e+00 6.10842184e+00 1.39993718e+01
 6.10871176e+00 6.10858875e+00 1.39988982e+01
 6.10871123e+00 6.10882953e+00 1.39984909e+01
 6.10878180e+00 6.10913033e+00 1.39981692e+01
 6.10891839e+00 6.10947449e+00 1.39979480e+01
 6.10911262e+00 6.10984352e+00 1.39978363e+01
 6.10935335e+00 6.11021803e+00 1.39978377e+01
 6.10962731e+00 6.11057874e+00 1.39979497e+01
 6.10991979e+00 6.11090748e+00 1.39981642e+01
 6.11021543e+00 6.11118811e+00 1.39984682e+01
 6.11049905e+00 6.11140725e+00 1.39988443e+01
 6.11075638e+00 6.11155497e+00 1.39992716e+01
 6.11097480e+00 6.11162518e+00 1.39997273e+01
 6.11114394e+00 6.11161591e+00 1.40001875e+01
 6.11125616e+00 6.11152929e+00 1.40006284e+01
 6.11130691e+00 6.11137136e+00 1.40010280e+01
 6.11129488e+00 6.11115171e+00 1.40013666e+01
 6.11122200e+00 6.11088286e+00 1.40016282e+01
 6.11109326e+00 6.11057961e+00 1.40018010e+01
 6.11091642e+00 6.11025820e+00 1.40018780e+01
 6.11070154e+00 6.10993546e+00 1.40018573e+01
 6.11046041e+00 6.10962794e+00 1.40017419e+01
 6.11020592e+00 6.10935106e+00 1.40015399e+01
 6.10995138e+00 6.10911835e+00 1.40012632e+01
 6.10970982e+00 6.10894079e+00 1.40009277e+01
 6.10949332e+00 6.10882629e+00 1.40005518e+01
 6.10931244e+00 6.10877940e+00 1.40001554e+01
 6.10917567e+00 6.10880110e+00 1.39997595e+01
 6.10908911e+00 6.10888883e+00 1.39993840e+01
 6.10905612e+00 6.10903675e+00 1.39990480e+01
 6.10907727e+00 6.10923601e+00 1.39987677e+01
 6.10915035e+00 6.10947535e+00 1.39985562e+01
 6.10927053e+00 6.10974171e+00 1.39984231e+01
 6.10943069e+00 6.11002088e+00 1.39983734e+01
 6.10962179e+00 6.11029833e+00 1.39984079e+01
 6.10983342e+00 6.11055988e+00 1.39985232e+01
 6.11005431e+00 6.11079250e+00 1.39987117e+01
 6.11027299e+00 6.11098488e+00 1.39989621e+01
 6.11047829e+00 6.11112802e+00 1.39992604e+01
 6.11066000e+00 6.11121561e+00 1.39995903e+01
 6.11080931e+00 6.11124432e+00 1.39999344e+01
 6.11091925e+00 6.11121392e+00 1.40002746e+01
 6.11098502e+00 6.11112718e+00 1.40005936e+01
 6.11100416e+00 6.11098973e+00 1.40008756e+01
 6.11097668e+00 6.11080966e+00 1.40011069e+01
 6.11090496e+00 6.11059708e+00 1.40012767e+01
 6.11079358e+00 6.11036356e+00 1.40013776e+01
 6.11064908e+00 6.11012147e+00 1.40014059e+01
 6.11047955e+00 6.10988339e+00 1.40013617e+01
 6.11029419e+00 6.10966143e+00 1.40012487e+01
 6.11010281e+00 6.10946659e+00 1.40010742e+01
 6.10991533e+00 6.10930829e+00 1.40008483e+01
 6.10974127e+00 6.10919387e+00 1.40005838e+01
 6.10958926e+00 6.10912827e+00 1.40002949e+01
 6.10946661e+00 6.10911381e+00 1.39999969e+01
 6.10937899e+00 6.10915015e+00 1.39997054e+01
 6.10933015e+00 6.10923438e+00 1.39994350e+01
 6.10932176e+00 6.10936119e+00 1.39991992e+01
 6.10935343e+00 6.10952320e+00 1.39990093e+01
 6.10942269e+00 6.10971138e+00 1.39988741e+01
 6.10952519e+00 6.10991554e+00 1.39987993e+01
 6.10965501e+00 6.11012492e+00 1.39987876e+01
 6.10980492e+00 6.11032870e+00 1.39988381e+01
 6.10996685e+00 6.11051656e+00 1.39989470e+01
 6.11013225e+00 6.11067922e+00 1.39991075e+01
 6.11029259e+00 6.11080888e+00 1.39993103e+01
 6.11043976e+00 6.11089960e+00 1.39995442e+01
 6.11056651e+00 6.11094756e+00 1.39997965e+01
 6.11066679e+00 6.11095117e+00 1.40000539e+01
 6.11073600e+00 6.11091119e+00 1.40003032e+01
 6.11077126e+00 6.11083058e+00 1.40005318e+01
 6.11077148e+00 6.11071431e+00 1.40007284e+01
 6.11073738e+00 6.11056908e+00 1.40008835e+01
 6.11067142e+00 6.11040293e+00 1.40009902e+01
 6.11057763e+00 6.11022480e+00 1.40010440e+01
 6.11046141e+00 6.11004407e+00 1.40010432e+01
 6.11032918e+00 6.10987004e+00 1.40009891e+01
 6.11018804e+00 6.10971146e+00 1.40008854e+01
 6.11004540e+00 6.10957614e+00 1.40007386e+01
 6.10990858e+00 6.10947051e+00 1.40005571e+01
 6.10978448e+00 6.10939936e+00 1.40003509e+01
 6.10967916e+00 6.10936560e+00 1.40001311e+01
 6.10959764e+00 6.10937016e+00 1.39999091e+01
 6.10954357e+00 6.10941202e+00 1.39996965e+01
 6.10951916e+00 6.10948825e+00 1.39995038e+01
 6.10952503e+00 6.10959424e+00 1.39993406e+01
 6.10956024e+00 6.10972393e+00 1.39992145e+01
 6.10962238e+00 6.10987020e+00 1.39991312e+01
 6.10970770e+00 6.11002521e+00 1.39990942e+01
 6.10981136e+00 6.11018085e+00 1.39991042e+01
 6.10992767e+00 6.11032915e+00 1.39991599e+01
 6.11005041e+00 6.11046267e+00 1.39992574e+01
 6.11017316e+00 6.11057488e+00 1.39993909e+01
 6.11028965e+00 6.11066049e+00 1.39995528e+01
 6.11039405e+00 6.11071568e+00 1.39997341e+01
 6.11048126e+00 6.11073824e+00 1.39999253e+01
 6.11054718e+00 6.11072771e+00 1.40001163e+01
 6.11058888e+00 6.11068533e+00 1.40002973e+01
 6.11060474e+00 6.11061393e+00 1.40004593e+01
 6.11059448e+00 6.11051777e+00 1.40005945e+01
 6.11055918e+00 6.11040228e+00 1.40006963e+01
 6.11050115e+00 6.11027379e+00 1.40007604e+01
 6.11042387e+00 6.11013914e+00 1.40007843e+01
 6.11033167e+00 6.11000536e+00 1.40007675e+01
 6.11022960e+00 6.10987928e+00 1.40007118e+01
 6.11012308e+00 6.10976717e+00 1.40006208e+01
 6.11001766e+00 6.10967450e+00 1.40005000e+01
 6.10991871e+00 6.10960560e+00 1.40003561e+01
 6.10983115e+00 6.10956349e+00 1.40001969e+01
 6.10975925e+00 6.10954978e+00 1.40000311e+01
 6.10970634e+00 6.10956457e+00 1.39998671e+01
 6.10967475e+00 6.10960649e+00 1.39997134e+01
 6.10966562e+00 6.10967283e+00 1.39995776e+01
 6.10967896e+00 6.10975968e+00 1.39994662e+01
 6.10971363e+00 6.10986219e+00 1.39993846e+01
 6.10976738e+00 6.10997474e+00 1.39993361e+01
 6.10983707e+00 6.11009140e+00 1.39993226e+01
 6.10991880e+00 6.11020609e+00 1.39993440e+01
 6.11000814e+00 6.11031299e+00 1.39993986e+01
 6.11010035e+00 6.11040680e+00 1.39994829e+01
 6.11019065e+00 6.11048298e+00 1.39995918e+01
 6.11027446e+00 6.11053801e+00 1.39997193e+01
 6.11034763e+00 6.11056950e+00 1.39998585e+01
 6.11040664e+00 6.11057636e+00 1.40000020e+01
 6.11044876e+00 6.11055873e+00 1.40001425e+01
 6.11047219e+00 6.11051804e+00 1.40002726e+01
 6.11047613e+00 6.11045685e+00 1.40003861e+01
 6.11046078e+00 6.11037874e+00 1.40004774e+01
 6.11042734e+00 6.11028805e+00 1.40005424e+01
 6.11037788e+00 6.11018967e+00 1.40005783e+01
 6.11031529e+00 6.11008883e+00 1.40005837e+01
 6.11024305e+00 6.10999073e+00 1.40005593e+01
 6.11016505e+00 6.10990032e+00 1.40005066e+01
 6.11008540e+00 6.10982209e+00 1.40004292e+01
 6.11000822e+00 6.10975978e+00 1.40003314e+01
 6.10993742e+00 6.10971622e+00 1.40002188e+01
 6.10987646e+00 6.10969328e+00 1.40000972e+01
 6.10982828e+00 6.10969168e+00 1.39999733e+01
 6.10979506e+00 6.10971106e+00 1.39998533e+01
 6.10977820e+00 6.10974998e+00 1.39997434e+01
 6.10977820e+00 6.10980605e+00 1.39996489e+01
 6.10979473e+00 6.10987603e+00 1.39995744e+01
 6.10982657e+00 6.10995605e+00 1.39995232e+01
 6.10987179e+00 6.11004180e+00 1.39994975e+01
 6.10992778e+00 6.11012878e+00 1.39994980e+01
 6.10999147e+00 6.11021250e+00 1.39995242e+01
 6.11005941e+00 6.11028876e+00 1.39995743e+01
 6.11012805e+00 6.11035380e+00 1.39996450e+01
 6.11019386e+00 6.11040453e+00 1.39997325e+01
 6.11025353e+00 6.11043866e+00 1.39998318e+01
 6.11030414e+00 6.11045479e+00 1.39999376e+01
 6.11034329e+00 6.11045247e+00 1.40000444e+01
 6.11036921e+00 6.11043219e+00 1.40001467e+01
 6.11038085e+00 6.11039539e+00 1.40002393e+01
 6.11037792e+00 6.11034430e+00 1.40003177e+01
 6.11036087e+00 6.11028182e+00 1.40003783e+01
 6.11033087e+00 6.11021138e+00 1.40004181e+01
 6.11028974e+00 6.11013678e+00 1.40004358e+01
 6.11023981e+00 6.11006191e+00 1.40004308e+01
 6.11018382e+00 6.10999061e+00 1.40004038e+01
 6.11012476e+00 6.10992646e+00 1.40003567e+01
 6.11006572e+00 6.10987259e+00 1.40002924e+01
 6.11000973e+00 6.10983153e+00 1.40002144e+01
 6.10995958e+00 6.10980512e+00 1.40001271e+01
 6.10991772e+00 6.10979441e+00 1.40000352e+01
 6.10988611e+00 6.10979961e+00 1.39999434e+01
 6.10986616e+00 6.10982012e+00 1.39998564e+01
 6.10985865e+00 6.10985457e+00 1.39997785e+01
 6.10986370e+00 6.10990091e+00 1.39997137e+01
 6.10988077e+00 6.10995651e+00 1.39996648e+01
 6.10990876e+00 6.11001833e+00 1.39996342e+01
 6.10994600e+00 6.11008308e+00 1.39996229e+01
 6.10999038e+00 6.11014738e+00 1.39996311e+01
 6.11003948e+00 6.11020796e+00 1.39996581e+01
 6.11009070e+00 6.11026179e+00 1.39997020e+01
 6.11014137e+00 6.11030625e+00 1.39997602e+01
 6.11018891e+00 6.11033926e+00 1.39998295e+01
 6.11023094e+00 6.11035938e+00 1.39999060e+01
 6.11026543e+00 6.11036583e+00 1.39999858e+01
 6.11029076e+00 6.11035858e+00 1.40000646e+01
 6.11030585e+00 6.11033830e+00 1.40001384e+01
 6.11031011e+00 6.11030627e+00 1.40002036e+01
 6.11030357e+00 6.11026441e+00 1.40002570e+01
 6.11028680e+00 6.11021507e+00 1.40002961e+01
 6.11026085e+00 6.11016090e+00 1.40003192e+01
 6.11022726e+00 6.11010482e+00 1.40003255e+01
 6.11018792e+00 6.11004972e+00 1.40003149e+01
 6.11014494e+00 6.10999840e+00 1.40002885e+01
 6.11010062e+00 6.10995342e+00 1.40002478e+01
 6.11005724e+00 6.10991694e+00 1.40001953e+01
 6.11001703e+00 6.10989067e+00 1.40001339e+01
 6.10998196e+00 6.10987571e+00 1.40000670e+01
 6.10995373e+00 6.10987261e+00 1.39999980e+01
 6.10993363e+00 6.10988126e+00 1.39999306e+01
 6.10992253e+00 6.10990097e+00 1.39998682e+01
 6.10992079e+00 6.10993051e+00 1.39998138e+01
 6.10992832e+00 6.10996815e+00 1.39997702e+01
 6.10994451e+00 6.11001178e+00 1.39997392e+01
 6.10996838e+00 6.11005906e+00 1.39997222e+01
 6.10999853e+00 6.11010748e+00 1.39997198e+01
 6.11003328e+00 6.11015454e+00 1.39997318e+01
 6.11007076e+00 6.11019786e+00 1.39997573e+01
 6.11010899e+00 6.11023530e+00 1.39997947e+01
 6.11014600e+00 6.11026507e+00 1.39998418e+01
 6.11017992e+00 6.11028580e+00 1.39998960e+01
 6.11020908e+00 6.11029663e+00 1.39999543e+01
 6.11023208e+00 6.11029722e+00 1.40000138e+01
 6.11024788e+00 6.11028773e+00 1.40000713e+01
 6.11025582e+00 6.11026888e+00 1.40001240e+01
 6.11025567e+00 6.11024184e+00 1.40001692e+01
 6.11024758e+00 6.11020814e+00 1.40002047e+01
 6.11023217e+00 6.11016967e+00 1.40002290e+01
 6.11021036e+00 6.11012850e+00 1.40002411e+01
 6.11018341e+00 6.11008678e+00 1.40002406e+01
 6.11015281e+00 6.11004668e+00 1.40002278e+01
 6.11012019e+00 6.11001020e+00 1.40002036e+01
 6.11008728e+00 6.10997914e+00 1.40001694e+01
 6.11005577e+00 6.10995496e+00 1.40001274e+01
 6.11002723e+00 6.10993878e+00 1.40000796e+01
 6.11000308e+00 6.10993124e+00 1.40000289e+01
 6.10998444e+00 6.10993254e+00 1.39999777e+01
 6.10997216e+00 6.10994245e+00 1.39999287e+01
 6.10996674e+00 6.10996025e+00 1.39998845e+01
 6.10996829e+00 6.10998488e+00 1.39998470e+01
 6.10997662e+00 6.11001494e+00 1.39998182e+01
 6.10999112e+00 6.11004875e+00 1.39997994e+01
 6.11001094e+00 6.11008452e+00 1.39997911e+01
 6.11003495e+00 6.11012038e+00 1.39997938e+01
 6.11006183e+00 6.11015448e+00 1.39998070e+01
 6.11009014e+00 6.11018512e+00 1.39998297e+01
 6.11011841e+00 6.11021080e+00 1.39998607e+01
 6.11014518e+00 6.11023031e+00 1.39998982e+01
 6.11016912e+00 6.11024279e+00 1.39999401e+01
 6.11018906e+00 6.11024773e+00 1.39999842e+01
 6.11020407e+00 6.11024505e+00 1.40000281e+01
 6.11021348e+00 6.11023505e+00 1.40000697e+01
 6.11021692e+00 6.11021840e+00 1.40001068e+01
 6.11021436e+00 6.11019608e+00 1.40001377e+01
 6.11020604e+00 6.11016936e+00 1.40001609e+01
 6.11019251e+00 6.11013971e+00 1.40001753e+01
 6.11017459e+00 6.11010869e+00 1.40001805e+01
 6.11015326e+00 6.11007794e+00 1.40001763e+01
 6.11012971e+00 6.11004901e+00 1.40001632e+01
 6.11010519e+00 6.11002335e+00 1.40001420e+01
 6.11008097e+00 6.11000221e+00 1.40001139e+01
 6.11005828e+00 6.10998658e+00 1.40000807e+01
 6.11003825e+00 6.10997712e+00 1.40000440e+01
 6.11002186e+00 6.10997423e+00 1.40000058e+01
 6.11000987e+00 6.10997788e+00 1.39999681e+01
 6.11000281e+00 6.10998777e+00 1.39999329e+01
 6.11000092e+00 6.11000324e+00 1.39999018e+01
 6.11000420e+00 6.11002340e+00 1.39998765e+01
 6.11001237e+00 6.11004710e+00 1.39998580e+01
 6.11002490e+00 6.11007304e+00 1.39998472e+01
 6.11004108e+00 6.11009987e+00 1.39998445e+01
 6.11005996e+00 6.11012617e+00 1.39998498e+01
 6.11008054e+00 6.11015062e+00 1.39998627e+01
 6.11010173e+00 6.11017199e+00 1.39998823e+01
 6.11012242e+00 6.11018927e+00 1.39999076e+01
 6.11014156e+00 6.11020165e+00 1.39999370e+01
 6.11015822e+00 6.11020861e+00 1.39999691e+01
 6.11017158e+00 6.11020989e+00 1.40000020e+01
 6.11018103e+00 6.11020557e+00 1.40000341e+01
 6.11018618e+00 6.11019597e+00 1.40000638e+01
 6.11018685e+00 6.11018171e+00 1.40000896e+01
 6.11018311e+00 6.11016363e+00 1.40001103e+01
 6.11017522e+00 6.11014270e+00 1.40001248e+01
 6.11016371e+00 6.11012009e+00 1.40001327e+01
 6.11014922e+00 6.11009698e+00 1.40001336e+01
 6.11013257e+00 6.11007457e+00 1.40001276e+01
 6.11011465e+00 6.11005399e+00 1.40001152e+01
 6.11009641e+00 6.11003625e+00 1.40000972e+01
 6.11007880e+00 6.11002221e+00 1.40000745e+01
 6.11006269e+00 6.11001250e+00 1.40000486e+01
 6.11004889e+00 6.11000753e+00 1.40000207e+01
 6.11003806e+00 6.11000746e+00 1.39999923e+01
 6.11003067e+00 6.11001217e+00 1.39999650e+01
 6.11002704e+00 6.11002133e+00 1.39999400e+01
 6.11002728e+00 6.11003438e+00 1.39999186e+01
 6.11003129e+00 6.11005055e+00 1.39999019e+01
 6.11003878e+00 6.11006896e+00 1.39998905e+01
 6.11004929e+00 6.11008861e+00 1.39998850e+01
 6.11006222e+00 6.11010848e+00 1.39998856e+01
 6.11007686e+00 6.11012753e+00 1.39998919e+01
 6.11009242e+00 6.11014481e+00 1.39999037e+01
 6.11010809e+00 6.11015947e+00 1.39999201e+01
 6.11012304e+00 6.11017082e+00 1.39999403e+01
 6.11013655e+00 6.11017834e+00 1.39999631e+01
 6.11014794e+00 6.11018174e+00 1.39999873e+01
 6.11015668e+00 6.11018092e+00 1.40000117e+01
 6.11016238e+00 6.11017602e+00 1.40000349e+01
 6.11016480e+00 6.11016738e+00 1.40000559e+01
 6.11016390e+00 6.11015551e+00 1.40000735e+01
 6.11015979e+00 6.11014111e+00 1.40000870e+01
 6.11015275e+00 6.11012495e+00 1.40000957e+01
 6.11014321e+00 6.11010791e+00 1.40000994e+01
 6.11013171e+00 6.11009088e+00 1.40000978e+01
 6.11011887e+00 6.11007472e+00 1.40000913e+01
 6.11010539e+00 6.11006025e+00 1.40000803e+01
 6.11009197e+00 6.11004818e+00 1.40000654e+01
 6.11007930e+00 6.11003907e+00 1.40000474e+01
 6.11006800e+00 6.11003332e+00 1.40000274e+01
 6.11005864e+00 6.11003117e+00 1.40000064e+01
 6.11005164e+00 6.11003264e+00 1.39999856e+01
 6.11004732e+00 6.11003759e+00 1.39999659e+01
 6.11004585e+00 6.11004567e+00 1.39999484e+01
 6.11004724e+00 6.11005644e+00 1.39999339e+01
 6.11005135e+00 6.11006923e+00 1.39999231e+01
 6.11005793e+00 6.11008340e+00 1.39999165e+01
 6.11006656e+00 6.11009815e+00 1.39999144e+01
 6.11007679e+00 6.11011273e+00 1.39999167e+01
 6.11008802e+00 6.11012639e+00 1.39999232e+01
 6.11009968e+00 6.11013845e+00 1.39999335e+01
 6.11011115e+00 6.11014832e+00 1.39999470e+01
 6.11012185e+00 6.11015554e+00 1.39999629e+01
 6.11013125e+00 6.11015981e+00 1.39999804e+01
 6.11013888e+00 6.11016095e+00 1.39999986e+01
 6.11014441e+00 6.11015900e+00 1.40000164e+01
 6.11014757e+00 6.11015409e+00 1.40000330e+01
 6.11014828e+00 6.11014657e+00 1.40000475e+01
 6.11014654e+00 6.11013686e+00 1.40000593e+01
 6.11014249e+00 6.11012551e+00 1.40000678e+01
 6.11013640e+00 6.11011315e+00 1.40000726e+01
 6.11012861e+00 6.11010042e+00 1.40000736e+01
 6.11011957e+00 6.11008800e+00 1.40000708e+01
 6.11010977e+00 6.11007651e+00 1.40000644e+01
 6.11009973e+00 6.11006653e+00 1.40000548e+01
 6.11008997e+00 6.11005853e+00 1.40000427e+01
 6.11008098e+00 6.11005287e+00 1.40000286e+01
 6.11007322e+00 6.11004982e+00 1.40000133e+01
 6.11006704e+00 6.11004944e+00 1.39999977e+01
 6.11006274e+00 6.11005173e+00 1.39999826e+01
 6.11006049e+00 6.11005647e+00 1.39999687e+01
 6.11006037e+00 6.11006341e+00 1.39999567e+01
 6.11006233e+00 6.11007211e+00 1.39999471e+01
 6.11006623e+00 6.11008211e+00 1.39999405e+01
 6.11007182e+00 6.11009285e+00 1.39999371e+01
 6.11007879e+00 6.11010377e+00 1.39999370e+01
 6.11008673e+00 6.11011431e+00 1.39999401e+01
 6.11009524e+00 6.11012394e+00 1.39999463e+01
 6.11010385e+00 6.11013217e+00 1.39999550e+01
 6.11011213e+00 6.11013862e+00 1.39999659e+01
 6.11011965e+00 6.11014299e+00 1.39999783e+01
 6.11012604e+00 6.11014511e+00 1.39999915e+01
 6.11013101e+00 6.11014492e+00 1.40000049e+01
 6.11013432e+00 6.11014248e+00 1.40000177e+01
 6.11013585e+00 6.11013795e+00 1.40000294e+01
 6.11013556e+00 6.11013162e+00 1.40000393e+01
 6.11013349e+00 6.11012386e+00 1.40000469e+01
 6.11012980e+00 6.11011509e+00 1.40000520e+01
 6.11012470e+00 6.11010578e+00 1.40000543e+01
 6.11011850e+00 6.11009643e+00 1.40000538e+01
 6.11011153e+00 6.11008750e+00 1.40000505e+01
 6.11010417e+00 6.11007947e+00 1.40000447e+01
 6.11009679e+00 6.11007271e+00 1.40000367e+01
 6.11008980e+00 6.11006754e+00 1.40000270e+01
 6.11008353e+00 6.11006420e+00 1.40000162e+01
 6.11007828e+00 6.11006282e+00 1.40000047e+01
 6.11007432e+00 6.11006343e+00 1.39999933e+01
 6.11007180e+00 6.11006594e+00 1.39999824e+01
 6.11007084e+00 6.11007020e+00 1.39999727e+01
 6.11007144e+00 6.11007593e+00 1.39999646e+01
 6.11007354e+00 6.11008284e+00 1.39999585e+01
 6.11007700e+00 6.11009051e+00 1.39999547e+01
 6.11008161e+00 6.11009855e+00 1.39999532e+01
 6.11008711e+00 6.11010654e+00 1.39999542e+01
 6.11009321e+00 6.11011407e+00 1.39999576e+01
 6.11009956e+00 6.11012076e+00 1.39999630e+01
 6.11010585e+00 6.11012629e+00 1.39999702e+01
 6.11011175e+00 6.11013039e+00 1.39999788e+01
 6.11011696e+00 6.11013289e+00 1.39999883e+01
 6.11012124e+00 6.11013370e+00 1.39999981e+01
 6.11012438e+00 6.11013279e+00 1.40000079e+01
 6.11012625e+00 6.11013028e+00 1.40000171e+01
 6.11012677e+00 6.11012629e+00 1.40000252e+01
 6.11012595e+00 6.11012110e+00 1.40000318e+01
 6.11012385e+00 6.11011497e+00 1.40000366e+01
 6.11012063e+00 6.11010826e+00 1.40000394e+01
 6.11011644e+00 6.11010130e+00 1.40000401e+01
 6.11011156e+00 6.11009449e+00 1.40000388e+01
 6.11010623e+00 6.11008815e+00 1.40000355e+01
 6.11010075e+00 6.11008261e+00 1.40000304e+01
 6.11009539e+00 6.11007814e+00 1.40000239e+01
 6.11009043e+00 6.11007494e+00 1.40000162e+01
 6.11008613e+00 6.11007315e+00 1.40000079e+01
 6.11008268e+00 6.11007283e+00 1.39999994e+01
 6.11008024e+00 6.11007396e+00 1.39999911e+01
 6.11007893e+00 6.11007647e+00 1.39999834e+01
 6.11007878e+00 6.11008018e+00 1.39999768e+01
 6.11007978e+00 6.11008488e+00 1.39999715e+01
 6.11008184e+00 6.11009030e+00 1.39999677e+01
 6.11008485e+00 6.11009617e+00 1.39999658e+01
 6.11008861e+00 6.11010214e+00 1.39999656e+01
 6.11009294e+00 6.11010793e+00 1.39999672e+01
 6.11009758e+00 6.11011323e+00 1.39999705e+01
 6.11010230e+00 6.11011777e+00 1.39999752e+01
 6.11010684e+00 6.11012135e+00 1.39999811e+01
 6.11011097e+00 6.11012380e+00 1.39999878e+01
 6.11011450e+00 6.11012501e+00 1.39999951e+01
 6.11011726e+00 6.11012496e+00 1.40000024e+01
 6.11011910e+00 6.11012367e+00 1.40000094e+01
 6.11011998e+00 6.11012123e+00 1.40000158e+01
 6.11011985e+00 6.11011779e+00 1.40000213e+01
 6.11011875e+00 6.11011357e+00 1.40000255e+01
 6.11011674e+00 6.11010878e+00 1.40000283e+01
 6.11011397e+00 6.11010369e+00 1.40000296e+01
 6.11011059e+00 6.11009857e+00 1.40000294e+01
 6.11010678e+00 6.11009369e+00 1.40000276e+01
 6.11010276e+00 6.11008929e+00 1.40000244e+01
 6.11009873e+00 6.11008559e+00 1.40000201e+01
 6.11009491e+00 6.11008276e+00 1.40000148e+01
 6.11009148e+00 6.11008094e+00 1.40000089e+01
 6.11008862e+00 6.11008018e+00 1.40000026e+01
 6.11008646e+00 6.11008051e+00 1.39999964e+01
 6.11008508e+00 6.11008188e+00 1.39999905e+01
 6.11008456e+00 6.11008421e+00 1.39999852e+01
 6.11008489e+00 6.11008733e+00 1.39999808e+01
 6.11008604e+00 6.11009110e+00 1.39999775e+01
 6.11008793e+00 6.11009528e+00 1.39999754e+01
 6.11009045e+00 6.11009966e+00 1.39999746e+01
 6.11009345e+00 6.11010401e+00 1.39999752e+01
 6.11009677e+00 6.11010810e+00 1.39999770e+01
 6.11010022e+00 6.11011173e+00 1.39999800e+01
 6.11010364e+00 6.11011472e+00 1.39999839e+01
 6.11010684e+00 6.11011693e+00 1.39999886e+01
 6.11010966e+00 6.11011827e+00 1.39999937e+01
 6.11011197e+00 6.11011869e+00 1.39999991e+01
 6.11011366e+00 6.11011818e+00 1.40000044e+01
 6.11011466e+00 6.11011679e+00 1.40000093e+01
 6.11011493e+00 6.11011463e+00 1.40000137e+01
 6.11011446e+00 6.11011179e+00 1.40000173e+01
 6.11011331e+00 6.11010847e+00 1.40000198e+01
 6.11011155e+00 6.11010483e+00 1.40000213e+01
 6.11010928e+00 6.11010107e+00 1.40000217e+01
 6.11010664e+00 6.11009739e+00 1.40000210e+01
 6.11010375e+00 6.11009398e+00 1.40000191e+01
 6.11010079e+00 6.11009100e+00 1.40000164e+01
 6.11009790e+00 6.11008859e+00 1.40000128e+01
 6.11009523e+00 6.11008688e+00 1.40000087e+01
 6.11009292e+00 6.11008593e+00 1.40000042e+01
 6.11009106e+00 6.11008577e+00 1.39999996e+01
 6.11008976e+00 6.11008640e+00 1.39999952e+01
 6.11008906e+00 6.11008775e+00 1.39999910e+01
 6.11008900e+00 6.11008977e+00 1.39999875e+01
 6.11008955e+00 6.11009232e+00 1.39999846e+01
 6.11009067e+00 6.11009525e+00 1.39999826e+01
 6.11009230e+00 6.11009842e+00 1.39999816e+01
 6.11009434e+00 6.11010164e+00 1.39999815e+01
 6.11009668e+00 6.11010476e+00 1.39999824e+01
 6.11009919e+00 6.11010761e+00 1.39999842e+01
 6.11010173e+00 6.11011004e+00 1.39999867e+01
 6.11010417e+00 6.11011195e+00 1.39999900e+01
 6.11010639e+00 6.11011324e+00 1.39999936e+01
 6.11010827e+00 6.11011386e+00 1.39999975e+01
 6.11010973e+00 6.11011380e+00 1.40000014e+01
 6.11011069e+00 6.11011306e+00 1.40000052e+01
 6.11011113e+00 6.11011172e+00 1.40000086e+01
 6.11011103e+00 6.11010985e+00 1.40000115e+01
 6.11011040e+00 6.11010755e+00 1.40000137e+01
 6.11010931e+00 6.11010498e+00 1.40000152e+01
 6.11010779e+00 6.11010225e+00 1.40000158e+01
 6.11010596e+00 6.11009951e+00 1.40000156e+01
 6.11010392e+00 6.11009692e+00 1.40000146e+01
 6.11010176e+00 6.11009459e+00 1.40000129e+01
 6.11009962e+00 6.11009264e+00 1.40000105e+01
 6.11009759e+00 6.11009117e+00 1.40000077e+01
 6.11009578e+00 6.11009024e+00 1.40000045e+01
 6.11009428e+00 6.11008988e+00 1.40000011e+01
 6.11009316e+00 6.11009011e+00 1.39999978e+01
 6.11009246e+00 6.11009088e+00 1.39999947e+01
 6.11009223e+00 6.11009217e+00 1.39999919e+01
 6.11009244e+00 6.11009387e+00 1.39999896e+01
 6.11009310e+00 6.11009590e+00 1.39999879e+01
 6.11009414e+00 6.11009815e+00 1.39999869e+01
 6.11009551e+00 6.11010048e+00 1.39999865e+01
 6.11009713e+00 6.11010279e+00 1.39999869e+01
 6.11009890e+00 6.11010494e+00 1.39999879e+01
 6.11010075e+00 6.11010684e+00 1.39999896e+01
 6.11010256e+00 6.11010838e+00 1.39999917e+01
 6.11010424e+00 6.11010951e+00 1.39999942e+01
 6.11010571e+00 6.11011016e+00 1.39999970e+01
 6.11010690e+00 6.11011032e+00 1.39999999e+01
 6.11010775e+00 6.11010999e+00 1.40000027e+01
 6.11010823e+00 6.11010920e+00 1.40000052e+01
 6.11010832e+00 6.11010799e+00 1.40000075e+01
 6.11010802e+00 6.11010645e+00 1.40000093e+01
 6.11010736e+00 6.11010466e+00 1.40000106e+01
 6.11010639e+00 6.11010272e+00 1.40000113e+01
 6.11010516e+00 6.11010073e+00 1.40000114e+01
 6.11010373e+00 6.11009879e+00 1.40000110e+01
 6.11010219e+00 6.11009701e+00 1.40000099e+01
 6.11010062e+00 6.11009548e+00 1.40000084e+01
 6.11009911e+00 6.11009426e+00 1.40000065e+01
 6.11009772e+00 6.11009342e+00 1.40000042e+01
 6.11009654e+00 6.11009299e+00 1.40000018e+01
 6.11009560e+00 6.11009297e+00 1.39999994e+01
 6.11009497e+00 6.11009337e+00 1.39999971e+01
 6.11009466e+00 6.11009415e+00 1.39999949e+01
 6.11009468e+00 6.11009527e+00 1.39999931e+01
 6.11009502e+00 6.11009665e+00 1.39999917e+01
 6.11009566e+00 6.11009822e+00 1.39999907e+01
 6.11009656e+00 6.11009989e+00 1.39999903e+01
 6.11009767e+00 6.11010158e+00 1.39999903e+01
 6.11009892e+00 6.11010320e+00 1.39999909e+01
 6.11010024e+00 6.11010466e+00 1.39999919e+01
 6.11010157e+00 6.11010589e+00 1.39999933e+01
 6.11010283e+00 6.11010684e+00 1.39999950e+01
 6.11010397e+00 6.11010746e+00 1.39999970e+01
 6.11010492e+00 6.11010772e+00 1.39999990e+01
 6.11010564e+00 6.11010762e+00 1.40000011e+01
 6.11010611e+00 6.11010719e+00 1.40000031e+01
 6.11010629e+00 6.11010642e+00 1.40000048e+01
 6.11010619e+00 6.11010539e+00 1.40000063e+01
 6.11010582e+00 6.11010415e+00 1.40000074e+01
 6.11010519e+00 6.11010276e+00 1.40000081e+01
 6.11010435e+00 6.11010131e+00 1.40000084e+01
 6.11010335e+00 6.11009987e+00 1.40000082e+01
 6.11010224e+00 6.11009851e+00 1.40000075e+01
 6.11010109e+00 6.11009731e+00 1.40000065e+01
 6.11009996e+00 6.11009633e+00 1.40000052e+01
 6.11009889e+00 6.11009561e+00 1.40000036e+01
 6.11009796e+00 6.11009518e+00 1.40000019e+01
 6.11009721e+00 6.11009507e+00 1.40000001e+01
 6.11009667e+00 6.11009526e+00 1.39999983e+01
 6.11009636e+00 6.11009575e+00 1.39999967e+01
 6.11009630e+00 6.11009651e+00 1.39999953e+01
 6.11009648e+00 6.11009748e+00 1.39999941e+01
 6.11009690e+00 6.11009861e+00 1.39999933e+01
 6.11009752e+00 6.11009985e+00 1.39999929e+01
 6.11009830e+00 6.11010111e+00 1.39999928e+01
 6.11009921e+00 6.11010233e+00 1.39999931e+01
 6.11010019e+00 6.11010346e+00 1.39999938e+01
 6.11010118e+00 6.11010443e+00 1.39999948e+01
 6.11010215e+00 6.11010520e+00 1.39999960e+01
 6.11010303e+00 6.11010572e+00 1.39999974e+01
 6.11010378e+00 6.11010598e+00 1.39999990e+01
 6.11010436e+00 6.11010597e+00 1.40000005e+01
 6.11010475e+00 6.11010569e+00 1.40000020e+01
 6.11010493e+00 6.11010517e+00 1.40000034e+01
 6.11010490e+00 6.11010443e+00 1.40000045e+01
 6.11010466e+00 6.11010353e+00 1.40000054e+01
 6.11010422e+00 6.11010251e+00 1.40000060e+01
 6.11010362e+00 6.11010142e+00 1.40000063e+01
 6.11010290e+00 6.11010034e+00 1.40000062e+01
 6.11010208e+00 6.11009930e+00 1.40000058e+01
 6.11010121e+00 6.11009837e+00 1.40000051e+01
 6.11010036e+00 6.11009760e+00 1.40000041e+01
 6.11009955e+00 6.11009701e+00 1.40000030e+01
 6.11009882e+00 6.11009665e+00 1.40000017e+01
 6.11009823e+00 6.11009652e+00 1.40000003e+01
 6.11009779e+00 6.11009663e+00 1.39999990e+01
 6.11009753e+00 6.11009696e+00 1.39999978e+01
 6.11009745e+00 6.11009749e+00 1.39999967e+01
 6.11009756e+00 6.11009820e+00 1.39999958e+01
 6.11009784e+00 6.11009903e+00 1.39999951e+01
 6.11009829e+00 6.11009994e+00 1.39999947e+01
 6.11009886e+00 6.11010089e+00 1.39999946e+01
 6.11009952e+00 6.11010181e+00 1.39999948e+01
 6.11010025e+00 6.11010266e+00 1.39999953e+01
 6.11010099e+00 6.11010340e+00 1.39999960e+01
 6.11010170e+00 6.11010399e+00 1.39999969e+01
 6.11010237e+00 6.11010440e+00 1.39999979e+01
 6.11010293e+00 6.11010462e+00 1.39999990e+01
 6.11010338e+00 6.11010464e+00 1.40000002e+01
 6.11010369e+00 6.11010446e+00 1.40000013e+01
 6.11010384e+00 6.11010411e+00 1.40000023e+01
 6.11010383e+00 6.11010358e+00 1.40000032e+01
 6.11010367e+00 6.11010293e+00 1.40000038e+01
 6.11010338e+00 6.11010219e+00 1.40000043e+01
 6.11010295e+00 6.11010140e+00 1.40000045e+01
 6.11010242e+00 6.11010059e+00 1.40000045e+01
 6.11010184e+00 6.11009984e+00 1.40000042e+01
 6.11010120e+00 6.11009915e+00 1.40000037e+01
 6.11010057e+00 6.11009856e+00 1.40000030e+01
 6.11009998e+00 6.11009813e+00 1.40000022e+01
 6.11009944e+00 6.11009785e+00 1.40000013e+01
 6.11009900e+00 6.11009774e+00 1.40000003e+01
 6.11009867e+00 6.11009780e+00 1.39999993e+01
 6.11009846e+00 6.11009803e+00 1.39999984e+01
 6.11009840e+00 6.11009841e+00 1.39999976e+01
 6.11009846e+00 6.11009892e+00 1.39999969e+01
 6.11009866e+00 6.11009952e+00 1.39999964e+01
 6.11009899e+00 6.11010020e+00 1.39999961e+01
 6.11009940e+00 6.11010089e+00 1.39999960e+01
 6.11009989e+00 6.11010158e+00 1.39999962e+01
 6.11010043e+00 6.11010222e+00 1.39999965e+01
 6.11010098e+00 6.11010278e+00 1.39999970e+01
 6.11010152e+00 6.11010323e+00 1.39999977e+01
 6.11010203e+00 6.11010354e+00 1.39999985e+01
 6.11010246e+00 6.11010371e+00 1.39999993e+01
 6.11010279e+00 6.11010373e+00 1.40000002e+01
 6.11010303e+00 6.11010359e+00 1.40000010e+01
 6.11010314e+00 6.11010331e+00 1.40000018e+01
 6.11010314e+00 6.11010292e+00 1.40000025e+01
 6.11010301e+00 6.11010241e+00 1.40000030e+01
 6.11010278e+00 6.11010184e+00 1.40000033e+01
 6.11010245e+00 6.11010124e+00 1.40000035e+01
 6.11010204e+00 6.11010062e+00 1.40000034e+01
 6.11010158e+00 6.11010003e+00 1.40000032e+01
 6.11010110e+00 6.11009951e+00 1.40000028e+01
 6.11010061e+00 6.11009907e+00 1.40000023e+01
 6.11010015e+00 6.11009873e+00 1.40000017e+01
 6.11009975e+00 6.11009853e+00 1.40000009e+01
 6.11009941e+00 6.11009845e+00 1.40000002e+01
 6.11009916e+00 6.11009851e+00 1.39999994e+01
 6.11009901e+00 6.11009870e+00 1.39999987e+01
 6.11009896e+00 6.11009901e+00 1.39999981e+01
 6.11009903e+00 6.11009941e+00 1.39999976e+01
 6.11009919e+00 6.11009988e+00 1.39999972e+01
 6.11009945e+00 6.11010041e+00 1.39999970e+01
 6.11009978e+00 6.11010095e+00 1.39999969e+01
 6.11010016e+00 6.11010148e+00 1.39999971e+01
 6.11010058e+00 6.11010197e+00 1.39999973e+01
 6.11010102e+00 6.11010239e+00 1.39999978e+01
 6.11010143e+00 6.11010272e+00 1.39999983e+01
 6.11010181e+00 6.11010295e+00 1.39999989e+01
 6.11010213e+00 6.11010306e+00 1.39999996e+01
 6.11010238e+00 6.11010305e+00 1.40000002e+01
 6.11010254e+00 6.11010292e+00 1.40000009e+01
 6.11010261e+00 6.11010269e+00 1.40000014e+01
 6.11010259e+00 6.11010237e+00 1.40000019e+01
 6.11010247e+00 6.11010198e+00 1.40000023e+01
 6.11010227e+00 6.11010153e+00 1.40000025e+01
 6.11010201e+00 6.11010107e+00 1.40000026e+01
 6.11010169e+00 6.11010062e+00 1.40000025e+01
 6.11010134e+00 6.11010018e+00 1.40000023e+01
 6.11010098e+00 6.11009981e+00 1.40000020e+01
 6.11010062e+00 6.11009950e+00 1.40000016e+01
 6.11010029e+00 6.11009928e+00 1.40000011e+01
 6.11010000e+00 6.11009915e+00 1.40000006e+01
 6.11009977e+00 6.11009913e+00 1.40000000e+01
 6.11009961e+00 6.11009920e+00 1.39999995e+01
 6.11009953e+00 6.11009937e+00 1.39999990e+01
 6.11009952e+00 6.11009961e+00 1.39999985e+01
 6.11009959e+00 6.11009992e+00 1.39999982e+01
 6.11009973e+00 6.11010028e+00 1.39999979e+01
 6.11009993e+00 6.11010066e+00 1.39999978e+01
 6.11010018e+00 6.11010105e+00 1.39999978e+01
 6.11010047e+00 6.11010142e+00 1.39999980e+01
 6.11010077e+00 6.11010175e+00 1.39999982e+01
 6.11010107e+00 6.11010203e+00 1.39999985e+01
 6.11010136e+00 6.11010224e+00 1.39999989e+01
 6.11010161e+00 6.11010238e+00 1.39999994e+01
 6.11010182e+00 6.11010243e+00 1.39999998e+01
 6.11010198e+00 6.11010240e+00 1.40000003e+01
 6.11010208e+00 6.11010229e+00 1.40000007e+01
 6.11010211e+00 6.11010211e+00 1.40000011e+01
 6.11010207e+00 6.11010187e+00 1.40000014e+01
 6.11010198e+00 6.11010159e+00 1.40000017e+01
 6.11010183e+00 6.11010127e+00 1.40000018e+01
 6.11010163e+00 6.11010094e+00 1.40000018e+01
 6.11010140e+00 6.11010062e+00 1.40000018e+01
 6.11010115e+00 6.11010032e+00 1.40000016e+01
 6.11010088e+00 6.11010005e+00 1.40000014e+01
 6.11010062e+00 6.11009984e+00 1.40000010e+01
 6.11010039e+00 6.11009970e+00 1.40000007e+01
 6.11010019e+00 6.11009963e+00 1.40000003e+01
 6.11010003e+00 6.11009963e+00 1.39999998e+01
 6.11009993e+00 6.11009970e+00 1.39999994e+01
 6.11009988e+00 6.11009984e+00 1.39999991e+01
 6.11009989e+00 6.11010004e+00 1.39999988e+01
 6.11009996e+00 6.11010028e+00 1.39999985e+01
 6.11010007e+00 6.11010055e+00 1.39999984e+01
 6.11010024e+00 6.11010085e+00 1.39999983e+01
 6.11010044e+00 6.11010115e+00 1.39999984e+01
 6.11010067e+00 6.11010143e+00 1.39999985e+01
 6.11010091e+00 6.11010168e+00 1.39999987e+01
 6.11010115e+00 6.11010189e+00 1.39999989e+01
 6.11010137e+00 6.11010205e+00 1.39999993e+01
 6.11010157e+00 6.11010214e+00 1.39999996e+01
 6.11010173e+00 6.11010216e+00 1.40000000e+01
 6.11010185e+00 6.11010212e+00 1.40000004e+01
 6.11010191e+00 6.11010201e+00 1.40000008e+01
 6.11010192e+00 6.11010185e+00 1.40000011e+01
 6.11010188e+00 6.11010163e+00 1.40000013e+01
 6.11010178e+00 6.11010137e+00 1.40000015e+01
 6.11010163e+00 6.11010109e+00 1.40000016e+01
 6.11010144e+00 6.11010080e+00 1.40000016e+01
 6.11010123e+00 6.11010052e+00 1.40000015e+01
 6.11010100e+00 6.11010027e+00 1.40000013e+01
 6.11010077e+00 6.11010007e+00 1.40000010e+01
 6.11010055e+00 6.11009990e+00 1.40000007e+01
 6.11010035e+00 6.11009981e+00 1.40000004e+01
 6.11010020e+00 6.11009978e+00 1.40000000e+01
 6.11010008e+00 6.11009982e+00 1.39999997e+01
 6.11010002e+00 6.11009992e+00 1.39999993e+01
 6.11010001e+00 6.11010008e+00 1.39999990e+01
 6.11010005e+00 6.11010028e+00 1.39999988e+01
 6.11010015e+00 6.11010053e+00 1.39999986e+01
 6.11010029e+00 6.11010080e+00 1.39999985e+01
 6.11010046e+00 6.11010106e+00 1.39999986e+01
 6.11010067e+00 6.11010132e+00 1.39999987e+01
 6.11010089e+00 6.11010155e+00 1.39999988e+01
 6.11010110e+00 6.11010174e+00 1.39999991e+01
 6.11010129e+00 6.11010188e+00 1.39999994e+01
 6.11010147e+00 6.11010196e+00 1.39999997e+01
 6.11010161e+00 6.11010198e+00 1.40000000e+01
 6.11010171e+00 6.11010193e+00 1.40000004e+01
 6.11010176e+00 6.11010182e+00 1.40000007e+01
 6.11010176e+00 6.11010166e+00 1.40000009e+01
 6.11010171e+00 6.11010147e+00 1.40000011e+01
 6.11010161e+00 6.11010124e+00 1.40000013e+01
 6.11010147e+00 6.11010099e+00 1.40000013e+01
 6.11010130e+00 6.11010075e+00 1.40000013e+01
 6.11010112e+00 6.11010053e+00 1.40000012e+01
 6.11010092e+00 6.11010032e+00 1.40000010e+01
 6.11010073e+00 6.11010016e+00 1.40000008e+01
 6.11010055e+00 6.11010004e+00 1.40000005e+01
 6.11010040e+00 6.11009999e+00 1.40000002e+01
 6.11010028e+00 6.11009999e+00 1.39999999e+01
 6.11010021e+00 6.11010004e+00 1.39999996e+01
 6.11010017e+00 6.11010015e+00 1.39999993e+01
 6.11010019e+00 6.11010030e+00 1.39999991e+01
 6.11010025e+00 6.11010049e+00 1.39999989e+01
 6.11010034e+00 6.11010070e+00 1.39999988e+01
 6.11010047e+00 6.11010092e+00 1.39999988e+01
 6.11010063e+00 6.11010114e+00 1.39999989e+01
 6.11010080e+00 6.11010134e+00 1.39999990e+01
 6.11010097e+00 6.11010151e+00 1.39999991e+01
 6.11010114e+00 6.11010164e+00 1.39999994e+01
 6.11010130e+00 6.11010173e+00 1.39999996e+01
 6.11010143e+00 6.11010177e+00 1.39999999e+01
 6.11010152e+00 6.11010176e+00 1.40000002e+01
 6.11010158e+00 6.11010170e+00 1.40000004e+01
 6.11010160e+00 6.11010159e+00 1.40000007e+01
 6.11010158e+00 6.11010145e+00 1.40000008e+01
 6.11010152e+00 6.11010127e+00 1.40000010e+01
 6.11010142e+00 6.11010108e+00 1.40000010e+01
 6.11010130e+00 6.11010088e+00 1.40000011e+01
 6.11010116e+00 6.11010070e+00 1.40000010e+01
 6.11010100e+00 6.11010052e+00 1.40000009e+01
 6.11010085e+00 6.11010038e+00 1.40000007e+01
 6.11010070e+00 6.11010027e+00 1.40000005e+01
 6.11010057e+00 6.11010020e+00 1.40000003e+01
 6.11010046e+00 6.11010018e+00 1.40000000e+01
 6.11010038e+00 6.11010020e+00 1.39999998e+01
 6.11010034e+00 6.11010026e+00 1.39999996e+01
 6.11010033e+00 6.11010037e+00 1.39999994e+01
 6.11010036e+00 6.11010050e+00 1.39999992e+01
 6.11010042e+00 6.11010066e+00 1.39999991e+01
 6.11010051e+00 6.11010083e+00 1.39999991e+01
 6.11010063e+00 6.11010101e+00 1.39999991e+01
 6.11010075e+00 6.11010117e+00 1.39999991e+01
 6.11010089e+00 6.11010132e+00 1.39999992e+01
 6.11010103e+00 6.11010144e+00 1.39999994e+01
 6.11010116e+00 6.11010153e+00 1.39999996e+01
 6.11010127e+00 6.11010158e+00 1.39999998e+01
 6.11010136e+00 6.11010159e+00 1.40000000e+01
 6.11010142e+00 6.11010156e+00 1.40000002e+01
 6.11010145e+00 6.11010150e+00 1.40000004e+01
 6.11010145e+00 6.11010140e+00 1.40000006e+01
 6.11010142e+00 6.11010127e+00 1.40000007e+01
 6.11010136e+00 6.11010113e+00 1.40000008e+01
 6.11010128e+00 6.11010098e+00 1.40000008e+01
 6.11010117e+00 6.11010082e+00 1.40000008e+01
 6.11010105e+00 6.11010067e+00 1.40000007e+01
 6.11010092e+00 6.11010054e+00 1.40000006e+01
 6.11010080e+00 6.11010044e+00 1.40000005e+01
 6.11010068e+00 6.11010036e+00 1.40000003e+01
 6.11010058e+00 6.11010032e+00 1.40000001e+01
 6.11010050e+00 6.11010031e+00 1.39999999e+01
 6.11010045e+00 6.11010034e+00 1.39999997e+01
 6.11010042e+00 6.11010041e+00 1.39999995e+01
 6.11010042e+00 6.11010051e+00 1.39999994e+01
 6.11010046e+00 6.11010063e+00 1.39999993e+01
 6.11010052e+00 6.11010076e+00 1.39999992e+01
 6.11010060e+00 6.11010092e+00 1.39999992e+01
 6.11010071e+00 6.11010107e+00 1.39999992e+01
 6.11010082e+00 6.11010121e+00 1.39999993e+01
 6.11010094e+00 6.11010133e+00 1.39999994e+01
 6.11010107e+00 6.11010144e+00 1.39999995e+01
 6.11010118e+00 6.11010152e+00 1.39999997e+01
 6.11010129e+00 6.11010156e+00 1.39999999e+01
 6.11010136e+00 6.11010157e+00 1.40000001e+01
 6.11010142e+00 6.11010154e+00 1.40000003e+01
 6.11010145e+00 6.11010147e+00 1.40000005e+01
 6.11010145e+00 6.11010138e+00 1.40000006e+01
 6.11010142e+00 6.11010126e+00 1.40000007e+01
 6.11010136e+00 6.11010112e+00 1.40000008e+01
 6.11010128e+00 6.11010096e+00 1.40000009e+01
 6.11010118e+00 6.11010081e+00 1.40000009e+01
 6.11010106e+00 6.11010067e+00 1.40000008e+01
 6.11010093e+00 6.11010053e+00 1.40000007e+01
 6.11010080e+00 6.11010041e+00 1.40000005e+01
 6.11010069e+00 6.11010033e+00 1.40000004e+01
 6.11010058e+00 6.11010028e+00 1.40000002e+01
 6.11010049e+00 6.11010026e+00 1.40000000e+01
 6.11010042e+00 6.11010028e+00 1.39999998e+01
 6.11010039e+00 6.11010034e+00 1.39999996e+01
 6.11010038e+00 6.11010043e+00 1.39999994e+01
 6.11010040e+00 6.11010055e+00 1.39999993e+01
 6.11010046e+00 6.11010069e+00 1.39999992e+01
 6.11010053e+00 6.11010084e+00 1.39999991e+01
 6.11010064e+00 6.11010101e+00 1.39999991e+01
 6.11010076e+00 6.11010117e+00 1.39999992e+01
 6.11010089e+00 6.11010131e+00 1.39999992e+01
 6.11010102e+00 6.11010143e+00 1.39999994e+01
 6.11010114e+00 6.11010153e+00 1.39999996e+01
 6.11010126e+00 6.11010159e+00 1.39999998e+01
 6.11010136e+00 6.11010162e+00 1.40000000e+01
 6.11010143e+00 6.11010161e+00 1.40000002e+01
 6.11010148e+00 6.11010156e+00 1.40000004e+01
 6.11010150e+00 6.11010147e+00 1.40000006e+01
 6.11010148e+00 6.11010135e+00 1.40000007e+01
 6.11010143e+00 6.11010121e+00 1.40000008e+01
 6.11010136e+00 6.11010105e+00 1.40000009e+01
 6.11010125e+00 6.11010088e+00 1.40000009e+01
 6.11010113e+00 6.11010072e+00 1.40000009e+01
 6.11010101e+00 6.11010057e+00 1.40000008e+01
 6.11010087e+00 6.11010043e+00 1.40000007e+01
 6.11010073e+00 6.11010032e+00 1.40000005e+01
 6.11010061e+00 6.11010024e+00 1.40000003e+01
 6.11010050e+00 6.11010021e+00 1.40000001e+01
 6.11010042e+00 6.11010021e+00 1.39999999e+01
 6.11010036e+00 6.11010026e+00 1.39999996e+01
 6.11010033e+00 6.11010033e+00 1.39999994e+01
 6.11010034e+00 6.11010045e+00 1.39999993e+01
 6.11010039e+00 6.11010059e+00 1.39999991e+01
 6.11010046e+00 6.11010076e+00 1.39999991e+01
 6.11010055e+00 6.11010093e+00 1.39999990e+01
 6.11010067e+00 6.11010109e+00 1.39999991e+01
 6.11010081e+00 6.11010126e+00 1.39999991e+01
 6.11010096e+00 6.11010141e+00 1.39999993e+01
 6.11010110e+00 6.11010153e+00 1.39999994e+01
 6.11010123e+00 6.11010161e+00 1.39999996e+01
 6.11010135e+00 6.11010166e+00 1.39999999e+01
 6.11010145e+00 6.11010166e+00 1.40000001e+01
 6.11010151e+00 6.11010162e+00 1.40000003e+01
 6.11010153e+00 6.11010154e+00 1.40000006e+01
 6.11010153e+00 6.11010141e+00 1.40000008e+01
 6.11010148e+00 6.11010126e+00 1.40000009e+01
 6.11010140e+00 6.11010109e+00 1.40000010e+01
 6.11010130e+00 6.11010091e+00 1.40000010e+01
 6.11010116e+00 6.11010072e+00 1.40000010e+01
 6.11010101e+00 6.11010054e+00 1.40000009e+01
 6.11010086e+00 6.11010039e+00 1.40000007e+01
 6.11010071e+00 6.11010027e+00 1.40000005e+01
 6.11010056e+00 6.11010018e+00 1.40000003e+01
 6.11010044e+00 6.11010014e+00 1.40000001e+01
 6.11010036e+00 6.11010015e+00 1.39999998e+01
 6.11010030e+00 6.11010021e+00 1.39999996e+01
 6.11010028e+00 6.11010031e+00 1.39999993e+01
 6.11010030e+00 6.11010045e+00 1.39999991e+01
 6.11010036e+00 6.11010062e+00 1.39999990e+01
 6.11010045e+00 6.11010082e+00 1.39999989e+01
 6.11010058e+00 6.11010103e+00 1.39999989e+01
 6.11010073e+00 6.11010122e+00 1.39999990e+01
 6.11010089e+00 6.11010140e+00 1.39999991e+01
 6.11010106e+00 6.11010156e+00 1.39999993e+01
 6.11010123e+00 6.11010168e+00 1.39999995e+01
 6.11010137e+00 6.11010176e+00 1.39999998e+01
 6.11010148e+00 6.11010177e+00 1.40000000e+01
 6.11010157e+00 6.11010174e+00 1.40000003e+01
 6.11010162e+00 6.11010166e+00 1.40000006e+01
 6.11010163e+00 6.11010154e+00 1.40000008e+01
 6.11010159e+00 6.11010137e+00 1.40000010e+01
 6.11010151e+00 6.11010117e+00 1.40000011e+01
 6.11010139e+00 6.11010095e+00 1.40000012e+01
 6.11010124e+00 6.11010074e+00 1.40000012e+01
 6.11010107e+00 6.11010053e+00 1.40000011e+01
